0 0.0006515909799781
1 0.0003121098626717
2 0.0003121098626717
3 0.0003121098626717
4 0.0003121098626717
5 0.0003121098626717
6 0.0003121098626717
7 0.0003121098626717
8 0.0003121098626717
9 0.0003121098626717
10 0.0002011675582491
11 0.0003121098626717
12 0.0003121098626717
13 0.0003134622668998
14 0.0002733812146805
15 0.0003121098626717
16 0.0002475872455414
17 0.0003121098626717
18 0.0003121098626717
19 0.0003121098626717
20 0.0001948030824759
21 0.0003121098626717
22 0.0003121098626717
23 0.0003121098626717
24 0.0003121098626717
25 0.0002733812146805
26 0.0003121098626717
27 0.0003121098626717
28 0.0003121098626717
29 0.0003121098626717
30 0.0003121098626717
31 0.0003121098626717
32 0.0003121098626717
33 0.0003121098626717
34 0.0002733812146805
35 0.0003121098626717
36 0.0003121098626717
37 0.0003121098626717
38 0.0003121098626717
39 0.0003121098626717
40 0.0002733812146805
41 0.0003121098626717
42 0.0001704715008108
43 0.0002682008727120
44 0.0002126263154514
45 0.0002271107733280
46 0.0003121098626717
47 0.0003121098626717
48 0.0003121098626717
49 0.0003121098626717
50 0.0001670558786273
51 0.0003121098626717
52 0.0002056480033903
53 0.0002213542627991
54 0.0001767677756850
55 0.0003121098626717
56 0.0003121098626717
57 0.0003121098626717
58 0.0003121098626717
59 0.0003121098626717
60 0.0003121098626717
61 0.0003121098626717
62 0.0003121098626717
63 0.0002755996959674
64 0.0003121098626717
65 0.0003121098626717
66 0.0003895671586539
67 0.0001871989628915
68 0.0003121098626717
69 0.0003121098626717
70 0.0003121098626717
71 0.0003121098626717
72 0.0003121098626717
73 0.0003116062682865
74 0.0003895671586539
75 0.0003121098626717
76 0.0004472653776775
77 0.0003121098626717
78 0.0002733812146805
79 0.0003121098626717
80 0.0003121098626717
81 0.0002170767729830
82 0.0002768156866014
83 0.0003121098626717
84 0.0002605970007806
85 0.0003121098626717
86 0.0003061306509260
87 0.0003061306509260
88 0.0003121098626717
89 0.0001854622014963
90 0.0002504868968934
91 0.0003121098626717
92 0.0002760970306519
93 0.0002733812146805
94 0.0003121098626717
95 0.0003121098626717
96 0.0003121098626717
97 0.0001946812226190
98 0.0003121098626717
99 0.0002060324115788
100 0.0003121098626717
101 0.0003121098626717
102 0.0003121098626717
103 0.0003121098626717
104 0.0003121098626717
105 0.0004010875478774
106 0.0004214249048147
107 0.0003121098626717
108 0.0003121098626717
109 0.0003121098626717
110 0.0003121098626717
111 0.0003121098626717
112 0.0003121098626717
113 0.0003121098626717
114 0.0003121098626717
115 0.0003121098626717
116 0.0003121098626717
117 0.0003121098626717
118 0.0003121098626717
119 0.0003121098626717
120 0.0003121098626717
121 0.0003121098626717
122 0.0003687508416360
123 0.0003121098626717
124 0.0003121098626717
125 0.0003121098626717
126 0.0003121098626717
127 0.0003121098626717
128 0.0003121098626717
129 0.0003121098626717
130 0.0003121098626717
131 0.0003121098626717
132 0.0003121098626717
133 0.0002342114192537
134 0.0003121098626717
135 0.0003121098626717
136 0.0003121098626717
137 0.0003121098626717
138 0.0003121098626717
139 0.0002339375738246
140 0.0003121098626717
141 0.0004956387574374
142 0.0003121098626717
143 0.0003121098626717
144 0.0002539269109547
145 0.0003121098626717
146 0.0003121098626717
147 0.0003121098626717
148 0.0003121098626717
149 0.0003121098626717
150 0.0003121098626717
151 0.0003551822830244
152 0.0003121098626717
153 0.0003121098626717
154 0.0002874150427784
155 0.0003121098626717
156 0.0003121098626717
157 0.0003121098626717
158 0.0003121098626717
159 0.0003121098626717
160 0.0003121098626717
161 0.0002615032661315
162 0.0002615032661315
163 0.0001696203965758
164 0.0002306977304939
165 0.0003121098626717
166 0.0003121098626717
167 0.0003409330011307
168 0.0003121098626717
169 0.0003121098626717
170 0.0003121098626717
171 0.0003121098626717
172 0.0003121098626717
173 0.0003121098626717
174 0.0003121098626717
175 0.0003121098626717
176 0.0003121098626717
177 0.0002574152326274
178 0.0003121098626717
179 0.0003121098626717
180 0.0003121098626717
181 0.0003121098626717
182 0.0003121098626717
183 0.0003121098626717
184 0.0002774660290755
185 0.0003121098626717
186 0.0003121098626717
187 0.0003121098626717
188 0.0003121098626717
189 0.0003121098626717
190 0.0003121098626717
191 0.0002615032661315
192 0.0003121098626717
193 0.0003121098626717
194 0.0003121098626717
195 0.0021943913940296
196 0.0003121098626717
197 0.0003121098626717
198 0.0003121098626717
199 0.0003121098626717
200 0.0003121098626717
201 0.0001985324605635
202 0.0002196259121901
203 0.0003121098626717
204 0.0004183300183535
205 0.0002636029641366
206 0.0002636029641366
207 0.0001576944719954
208 0.0004298488575574
209 0.0013185343989465
210 0.0003121098626717
211 0.0003121098626717
212 0.0003121098626717
213 0.0003274100789117
214 0.0003121098626717
215 0.0003121098626717
216 0.0002877608753513
217 0.0003121098626717
218 0.0003121098626717
219 0.0003121098626717
220 0.0003121098626717
221 0.0002323812355853
222 0.0003121098626717
223 0.0007589594425942
224 0.0003121098626717
225 0.0003121098626717
226 0.0003121098626717
227 0.0003121098626717
228 0.0003121098626717
229 0.0003121098626717
230 0.0003121098626717
231 0.0002158880311872
232 0.0003121098626717
233 0.0003121098626717
234 0.0003121098626717
235 0.0002231771114583
236 0.0003121098626717
237 0.0003121098626717
238 0.0003121098626717
239 0.0003121098626717
240 0.0003121098626717
241 0.0003121098626717
242 0.0003121098626717
243 0.0003121098626717
244 0.0002411981748122
245 0.0003121098626717
246 0.0003121098626717
247 0.0003121098626717
248 0.0004613210931100
249 0.0002640311956661
250 0.0003121098626717
251 0.0003121098626717
252 0.0003121098626717
253 0.0003371825957927
254 0.0003121098626717
255 0.0003121098626717
256 0.0003121098626717
257 0.0003121098626717
258 0.0003121098626717
259 0.0003121098626717
260 0.0003121098626717
261 0.0003121098626717
262 0.0003121098626717
263 0.0001876637643517
264 0.0002137124053853
265 0.0003121098626717
266 0.0001842249578918
267 0.0003121098626717
268 0.0003121098626717
269 0.0002046081264383
270 0.0002988621921060
271 0.0001604764910316
272 0.0002223538618261
273 0.0002832281203403
274 0.0003121098626717
275 0.0002219357817866
276 0.0003121098626717
277 0.0003121098626717
278 0.0002321435136861
279 0.0003121098626717
280 0.0003121098626717
281 0.0003121098626717
282 0.0003121098626717
283 0.0002229996250635
284 0.0003121098626717
285 0.0003121098626717
286 0.0003121098626717
287 0.0002302500959807
288 0.0003121098626717
289 0.0003121098626717
290 0.0003121098626717
291 0.0003121098626717
292 0.0003121098626717
293 0.0003121098626717
294 0.0003121098626717
295 0.0001712979288778
296 0.0003121098626717
297 0.0003121098626717
298 0.0003281167262495
299 0.0003121098626717
300 0.0003121098626717
301 0.0003121098626717
302 0.0002498852911990
303 0.0003121098626717
304 0.0003121098626717
305 0.0003121098626717
306 0.0002621436397741
307 0.0005407848271071
308 0.0005171432934427
309 0.0002411981748122
310 0.0004141668164503
311 0.0003121098626717
312 0.0003121098626717
313 0.0003121098626717
314 0.0003121098626717
315 0.0002105191740411
316 0.0003121098626717
317 0.0003121098626717
318 0.0003121098626717
319 0.0001856347140619
320 0.0004543125374482
321 0.0003121098626717
322 0.0003689391778547
323 0.0002563227477473
324 0.0003121098626717
325 0.0003121098626717
326 0.0002574152326274
327 0.0003121098626717
328 0.0003032729968830
329 0.0003121098626717
330 0.0003121098626717
331 0.0003145950834769
332 0.0003121098626717
333 0.0003121098626717
334 0.0003121098626717
335 0.0003121098626717
336 0.0003121098626717
337 0.0003121098626717
338 0.0003121098626717
339 0.0002733812146805
340 0.0003121098626717
341 0.0003121098626717
342 0.0003121098626717
343 0.0003121098626717
344 0.0003121098626717
345 0.0003121098626717
346 0.0003121098626717
347 0.0003121098626717
348 0.0003121098626717
349 0.0003121098626717
350 0.0003121098626717
351 0.0003121098626717
352 0.0003121098626717
353 0.0003121098626717
354 0.0003121098626717
355 0.0003121098626717
356 0.0003121098626717
357 0.0003121098626717
358 0.0003121098626717
359 0.0001940525676751
360 0.0003121098626717
361 0.0002033539420871
362 0.0003121098626717
363 0.0003573787253626
364 0.0003121098626717
365 0.0003121098626717
366 0.0004026206787557
367 0.0003121098626717
368 0.0003121098626717
369 0.0003121098626717
370 0.0003121098626717
371 0.0003121098626717
372 0.0003121098626717
373 0.0003121098626717
374 0.0003121098626717
375 0.0001705157919223
376 0.0002530033115813
377 0.0004640083174541
378 0.0003121098626717
379 0.0003121098626717
380 0.0002690076857763
381 0.0003121098626717
382 0.0003121098626717
383 0.0003121098626717
384 0.0001700103771226
385 0.0003121098626717
386 0.0001834283959948
387 0.0003121098626717
388 0.0003121098626717
389 0.0003121098626717
390 0.0003121098626717
391 0.0003121098626717
392 0.0001728636215660
393 0.0003121098626717
394 0.0003121098626717
395 0.0001985324605635
396 0.0002547782332739
397 0.0001941470413106
398 0.0003106762327362
399 0.0002135582425723
400 0.0001790914602191
401 0.0002135582425723
402 0.0003121098626717
403 0.0010497332778370
404 0.0005141611835287
405 0.0002210679871218
406 0.0002930643060989
407 0.0002510693486775
408 0.0002321435136861
409 0.0001910868729873
410 0.0003121098626717
411 0.0001531908443300
412 0.0003121098626717
413 0.0003121098626717
414 0.0002231771114583
415 0.0003121098626717
416 0.0003121098626717
417 0.0003121098626717
418 0.0003121098626717
419 0.0003121098626717
420 0.0002700516893131
421 0.0003121098626717
422 0.0003121098626717
423 0.0003121098626717
424 0.0003121098626717
425 0.0003121098626717
426 0.0003121098626717
427 0.0003121098626717
428 0.0003774166242164
429 0.0003121098626717
430 0.0003121098626717
431 0.0003121098626717
432 0.0003121098626717
433 0.0003121098626717
434 0.0002812363073805
435 0.0003246016695691
436 0.0003422122332018
437 0.0003830760133302
438 0.0003121098626717
439 0.0002124472606889
440 0.0003576373859067
441 0.0003121098626717
442 0.0003121098626717
443 0.0003121098626717
444 0.0003121098626717
445 0.0003121098626717
446 0.0003121098626717
447 0.0003121098626717
448 0.0003121098626717
449 0.0002203838848453
450 0.0003121098626717
451 0.0003121098626717
452 0.0003121098626717
453 0.0004519108119459
454 0.0003121098626717
455 0.0002094221470814
456 0.0003121098626717
457 0.0003121098626717
458 0.0003121098626717
459 0.0003121098626717
460 0.0003121098626717
461 0.0003121098626717
462 0.0002418976414373
463 0.0005509464226792
464 0.0003121098626717
465 0.0003121098626717
466 0.0003121098626717
467 0.0003121098626717
468 0.0003121098626717
469 0.0003121098626717
470 0.0003121098626717
471 0.0002374369678686
472 0.0003121098626717
473 0.0002447408219736
474 0.0002574152326274
475 0.0003121098626717
476 0.0003121098626717
477 0.0003121098626717
478 0.0003559478158106
479 0.0003121098626717
480 0.0003121098626717
481 0.0003121098626717
482 0.0004406870585423
483 0.0003121098626717
484 0.0002281075044358
485 0.0003121098626717
486 0.0003121098626717
487 0.0001885203042177
488 0.0003121098626717
489 0.0003121098626717
490 0.0004771209326140
491 0.0002792627699473
492 0.0002409341069487
493 0.0003121098626717
494 0.0003121098626717
495 0.0002455004879760
496 0.0003121098626717
497 0.0003121098626717
498 0.0003121098626717
499 0.0003121098626717
500 0.0002138126075738
501 0.0003121098626717
502 0.0003121098626717
503 0.0003121098626717
504 0.0003121098626717
505 0.0003121098626717
506 0.0001711656635584
507 0.0003121098626717
508 0.0003121098626717
509 0.0003121098626717
510 0.0002295718286126
511 0.0003121098626717
512 0.0003121098626717
513 0.0003121098626717
514 0.0003121098626717
515 0.0003121098626717
516 0.0003121098626717
517 0.0001844922286164
518 0.0003121098626717
519 0.0003121098626717
520 0.0004759369047724
521 0.0003121098626717
522 0.0003121098626717
523 0.0002700516893131
524 0.0003121098626717
525 0.0003121098626717
526 0.0003121098626717
527 0.0002382765768204
528 0.0003121098626717
529 0.0003121098626717
530 0.0003121098626717
531 0.0005412165736048
532 0.0003121098626717
533 0.0003121098626717
534 0.0002733812146805
535 0.0003121098626717
536 0.0003121098626717
537 0.0003121098626717
538 0.0003121098626717
539 0.0003121098626717
540 0.0003121098626717
541 0.0003121098626717
542 0.0003121098626717
543 0.0003121098626717
544 0.0003121098626717
545 0.0003121098626717
546 0.0003121098626717
547 0.0003121098626717
548 0.0003121098626717
549 0.0003121098626717
550 0.0003121098626717
551 0.0003121098626717
552 0.0003121098626717
553 0.0003121098626717
554 0.0003121098626717
555 0.0001746543910549
556 0.0001789400344187
557 0.0003121098626717
558 0.0003121098626717
559 0.0002181530955027
560 0.0004960380997989
561 0.0003121098626717
562 0.0003121098626717
563 0.0003121098626717
564 0.0003121098626717
565 0.0003121098626717
566 0.0003121098626717
567 0.0003121098626717
568 0.0003121098626717
569 0.0001710419759822
570 0.0003121098626717
571 0.0003121098626717
572 0.0003121098626717
573 0.0003121098626717
574 0.0003121098626717
575 0.0002729295699470
576 0.0001564904236091
577 0.0003121098626717
578 0.0003396307849300
579 0.0003121098626717
580 0.0003121098626717
581 0.0003121098626717
582 0.0001604764910316
583 0.0002679081171984
584 0.0003121098626717
585 0.0002156352380285
586 0.0001926667811292
587 0.0003121098626717
588 0.0003121098626717
589 0.0003121098626717
590 0.0003121098626717
591 0.0003121098626717
592 0.0003121098626717
593 0.0003121098626717
594 0.0003121098626717
595 0.0003121098626717
596 0.0003121098626717
597 0.0003121098626717
598 0.0003121098626717
599 0.0001545344945197
600 0.0003121098626717
601 0.0003121098626717
602 0.0001952959796093
603 0.0003121098626717
604 0.0003121098626717
605 0.0003121098626717
606 0.0003121098626717
607 0.0003121098626717
608 0.0003121098626717
609 0.0003121098626717
610 0.0003121098626717
611 0.0001966568368734
612 0.0002138126075738
613 0.0003121098626717
614 0.0002150494322758
615 0.0005949830905432
616 0.0003121098626717
617 0.0003121098626717
618 0.0003623773631586
619 0.0003121098626717
620 0.0002701193253752
621 0.0003121098626717
622 0.0003121098626717
623 0.0003121098626717
624 0.0003121098626717
625 0.0003121098626717
626 0.0004884752266981
627 0.0003121098626717
628 0.0003121098626717
629 0.0003121098626717
630 0.0003458086123965
631 0.0001604764910316
632 0.0003121098626717
633 0.0003246126123505
634 0.0003489329464703
635 0.0001960149770651
636 0.0002306977304939
637 0.0003121098626717
638 0.0003121098626717
639 0.0003121098626717
640 0.0003121098626717
641 0.0003143436558871
642 0.0003121098626717
643 0.0003705260656512
644 0.0003121098626717
645 0.0003121098626717
646 0.0003121098626717
647 0.0003121098626717
648 0.0003121098626717
649 0.0003121098626717
650 0.0003121098626717
651 0.0001774093746603
652 0.0003173760741929
653 0.0003121098626717
654 0.0002324319728748
655 0.0003175873336263
656 0.0004011320928032
657 0.0003121098626717
658 0.0001880794362907
659 0.0003121098626717
660 0.0003121098626717
661 0.0003121098626717
662 0.0003121098626717
663 0.0003121098626717
664 0.0003121098626717
665 0.0002146725665599
666 0.0003121098626717
667 0.0003121098626717
668 0.0004568759343903
669 0.0003121098626717
670 0.0003121098626717
671 0.0003121098626717
672 0.0003121098626717
673 0.0003121098626717
674 0.0003121098626717
675 0.0003121098626717
676 0.0004186819078360
677 0.0004114185169191
678 0.0002999710230783
679 0.0005711706542711
680 0.0003121098626717
681 0.0003121098626717
682 0.0003121098626717
683 0.0003121098626717
684 0.0003121098626717
685 0.0003121098626717
686 0.0003121098626717
687 0.0003121098626717
688 0.0003828115991462
689 0.0004551733325813
690 0.0002272759816627
691 0.0003121098626717
692 0.0003121098626717
693 0.0003121098626717
694 0.0003121098626717
695 0.0003121098626717
696 0.0003121098626717
697 0.0003121098626717
698 0.0002307492320044
699 0.0003121098626717
700 0.0003121098626717
701 0.0003121098626717
702 0.0003121098626717
703 0.0003121098626717
704 0.0003121098626717
705 0.0003121098626717
706 0.0002487105535932
707 0.0003121098626717
708 0.0003121098626717
709 0.0003121098626717
710 0.0003121098626717
711 0.0003121098626717
712 0.0003121098626717
713 0.0005689608941264
714 0.0003121098626717
715 0.0001711656635584
716 0.0003121098626717
717 0.0002018083850040
718 0.0003121098626717
719 0.0003517391588742
720 0.0003121098626717
721 0.0003121098626717
722 0.0003121098626717
723 0.0003121098626717
724 0.0003121098626717
725 0.0003121098626717
726 0.0003121098626717
727 0.0005287616264824
728 0.0004037179429943
729 0.0002321682874010
730 0.0010556369389777
731 0.0003121098626717
732 0.0003121098626717
733 0.0003121098626717
734 0.0003121098626717
735 0.0003121098626717
736 0.0003121098626717
737 0.0003121098626717
738 0.0003121098626717
739 0.0003121098626717
740 0.0003121098626717
741 0.0003121098626717
742 0.0003121098626717
743 0.0003121098626717
744 0.0003121098626717
745 0.0003121098626717
746 0.0003121098626717
747 0.0003121098626717
748 0.0003121098626717
749 0.0002574152326274
750 0.0003121098626717
751 0.0003121098626717
752 0.0003030693253344
753 0.0003121098626717
754 0.0002733812146805
755 0.0003121098626717
756 0.0003121098626717
757 0.0002675203475570
758 0.0003537906597320
759 0.0003121098626717
760 0.0003060213359827
761 0.0002382338474044
762 0.0005416598600295
763 0.0003121098626717
764 0.0003121098626717
765 0.0003121098626717
766 0.0003121098626717
767 0.0003121098626717
768 0.0003121098626717
769 0.0003121098626717
770 0.0003121098626717
771 0.0003121098626717
772 0.0001567476271934
773 0.0002138126075738
774 0.0003121098626717
775 0.0001676005043416
776 0.0003121098626717
777 0.0002254640001099
778 0.0003121098626717
779 0.0003121098626717
780 0.0003121098626717
781 0.0003121098626717
782 0.0001711656635584
783 0.0003121098626717
784 0.0002912783455263
785 0.0002631904332953
786 0.0003121098626717
787 0.0003121098626717
788 0.0003121098626717
789 0.0003121098626717
790 0.0001952959796093
791 0.0003121098626717
792 0.0001824041453367
793 0.0002478645319401
794 0.0002139983931303
795 0.0001832738754862
796 0.0001952959796093
797 0.0001739151322109
798 0.0009921890305038
799 0.0002164879155555
800 0.0003121098626717
801 0.0003121098626717
802 0.0003121098626717
803 0.0003121098626717
804 0.0003121098626717
805 0.0003164252252556
806 0.0003121098626717
807 0.0003121098626717
808 0.0003121098626717
809 0.0003121098626717
810 0.0003121098626717
811 0.0003121098626717
812 0.0003121098626717
813 0.0003121098626717
814 0.0003121098626717
815 0.0003121098626717
816 0.0003121098626717
817 0.0003121098626717
818 0.0002698589017164
819 0.0003121098626717
820 0.0003121098626717
821 0.0003121098626717
822 0.0002277127936552
823 0.0003121098626717
824 0.0003121098626717
825 0.0003061306509260
826 0.0003121098626717
827 0.0003121098626717
828 0.0002377370872328
829 0.0005247493546289
830 0.0002487105535932
831 0.0003121098626717
832 0.0003121098626717
833 0.0003194761706020
834 0.0003121098626717
835 0.0002281075044358
836 0.0003121098626717
837 0.0003121098626717
838 0.0003121098626717
839 0.0003121098626717
840 0.0003121098626717
841 0.0003121098626717
842 0.0003121098626717
843 0.0003121098626717
844 0.0003121098626717
845 0.0003121098626717
846 0.0003121098626717
847 0.0003895671586539
848 0.0006771918918690
849 0.0001775542487873
850 0.0002841975286997
851 0.0002738692034269
852 0.0001775542487873
853 0.0002764115465364
854 0.0001775542487873
855 0.0001775542487873
856 0.0001775542487873
857 0.0002263791154990
858 0.0001775542487873
859 0.0002770385309045
860 0.0004617934731962
861 0.0004477064568186
862 0.0002683935868039
863 0.0005304798474423
864 0.0002728720668762
865 0.0001775542487873
866 0.0003121098626717
867 0.0001952959796093
868 0.0003121098626717
869 0.0003121098626717
870 0.0002254640001099
871 0.0002650538523829
872 0.0003121098626717
873 0.0003121098626717
874 0.0003121098626717
875 0.0003121098626717
876 0.0003121098626717
877 0.0001940525676751
878 0.0002159266173459
879 0.0003121098626717
880 0.0003121098626717
881 0.0003121098626717
882 0.0003121098626717
883 0.0003121098626717
884 0.0001926667811292
885 0.0003121098626717
886 0.0003121098626717
887 0.0003121098626717
888 0.0003121098626717
889 0.0002495495549524
890 0.0003121098626717
891 0.0002672474360261
892 0.0002605970007806
893 0.0003121098626717
894 0.0003121098626717
895 0.0003121098626717
896 0.0003121098626717
897 0.0003121098626717
898 0.0003121098626717
899 0.0003121098626717
900 0.0003121098626717
901 0.0001940525676751
902 0.0003121098626717
903 0.0003121098626717
904 0.0003121098626717
905 0.0003121098626717
906 0.0001917073466803
907 0.0003121098626717
908 0.0002574152326274
909 0.0003121098626717
910 0.0003119795150390
911 0.0003121098626717
912 0.0003121098626717
913 0.0001602630658941
914 0.0001602630658941
915 0.0003121098626717
916 0.0002580836269943
917 0.0003121098626717
918 0.0001869644762813
919 0.0002126263154514
920 0.0003121098626717
921 0.0003121098626717
922 0.0003121098626717
923 0.0003121098626717
924 0.0003121098626717
925 0.0003121098626717
926 0.0003121098626717
927 0.0003121098626717
928 0.0003514986375983
929 0.0003121098626717
930 0.0004636592388276
931 0.0002393894315444
932 0.0003121098626717
933 0.0003121098626717
934 0.0003121098626717
935 0.0003121098626717
936 0.0003121098626717
937 0.0003121098626717
938 0.0003121098626717
939 0.0002681706748927
940 0.0003121098626717
941 0.0004047284378013
942 0.0003121098626717
943 0.0002650319048425
944 0.0001789172215281
945 0.0002129418173853
946 0.0001730996913458
947 0.0002314497110333
948 0.0002294516353423
949 0.0003121098626717
950 0.0002848858065296
951 0.0003121098626717
952 0.0001706741194458
953 0.0003121098626717
954 0.0003121098626717
955 0.0003121098626717
956 0.0003121098626717
957 0.0003121098626717
958 0.0003121098626717
959 0.0003121098626717
960 0.0003121098626717
961 0.0003426561909643
962 0.0002026717940016
963 0.0004775351954661
964 0.0003121098626717
965 0.0003121098626717
966 0.0002487105535932
967 0.0003121098626717
968 0.0001958185677770
969 0.0004031895006233
970 0.0003121098626717
971 0.0003023924029964
972 0.0001798177130549
973 0.0003121098626717
974 0.0003121098626717
975 0.0003121098626717
976 0.0003121098626717
977 0.0003121098626717
978 0.0003121098626717
979 0.0003121098626717
980 0.0003121098626717
981 0.0001758570438213
982 0.0003121098626717
983 0.0002999140945179
984 0.0003121098626717
985 0.0002266492569535
986 0.0006597528584831
987 0.0004668192885026
988 0.0003650045719138
989 0.0002368320953088
990 0.0003121098626717
991 0.0003121098626717
992 0.0003121098626717
993 0.0003121098626717
994 0.0003121098626717
995 0.0002126692833956
996 0.0002733812146805
997 0.0003121098626717
998 0.0003121098626717
999 0.0003121098626717
1000 0.0002733812146805
1001 0.0003121098626717
1002 0.0003121098626717
1003 0.0003121098626717
1004 0.0003121098626717
1005 0.0001878389125473
1006 0.0002082575912622
1007 0.0002165976431402
1008 0.0003121098626717
1009 0.0003121098626717
1010 0.0003121098626717
1011 0.0002384752776279
1012 0.0003170772470229
1013 0.0003121098626717
1014 0.0002152306819875
1015 0.0003121098626717
1016 0.0003121098626717
1017 0.0003121098626717
1018 0.0003121098626717
1019 0.0002266492569535
1020 0.0003121098626717
1021 0.0002203838848453
1022 0.0003891326042345
1023 0.0001818555043010
1024 0.0002011774815588
1025 0.0004813461451074
1026 0.0003121098626717
1027 0.0004282780704729
1028 0.0004511381244085
1029 0.0003410892428543
1030 0.0003121098626717
1031 0.0003121098626717
1032 0.0003121098626717
1033 0.0003121098626717
1034 0.0003121098626717
1035 0.0003121098626717
1036 0.0001671446861363
1037 0.0003121098626717
1038 0.0003121098626717
1039 0.0004422217119986
1040 0.0003121098626717
1041 0.0003121098626717
1042 0.0003121098626717
1043 0.0003121098626717
1044 0.0003121098626717
1045 0.0001792881701258
1046 0.0003306557224976
1047 0.0003121098626717
1048 0.0003121098626717
1049 0.0003478916806377
1050 0.0005606854686371
1051 0.0003892792275306
1052 0.0004778252339949
1053 0.0003121098626717
1054 0.0003121098626717
1055 0.0003121098626717
1056 0.0003121098626717
1057 0.0003121098626717
1058 0.0002395985981332
1059 0.0003121098626717
1060 0.0003121098626717
1061 0.0002801369634904
1062 0.0003121098626717
1063 0.0003121098626717
1064 0.0003121098626717
1065 0.0003121098626717
1066 0.0003121098626717
1067 0.0002127320740576
1068 0.0002528978812766
1069 0.0003121098626717
1070 0.0003121098626717
1071 0.0002173760057658
1072 0.0003411220140597
1073 0.0003121098626717
1074 0.0003121098626717
1075 0.0003121098626717
1076 0.0003121098626717
1077 0.0003121098626717
1078 0.0003121098626717
1079 0.0003121098626717
1080 0.0002281075044358
1081 0.0003121098626717
1082 0.0005288341799813
1083 0.0006034021380752
1084 0.0003121098626717
1085 0.0002437347911184
1086 0.0002340090798180
1087 0.0002605970007806
1088 0.0003121098626717
1089 0.0003121098626717
1090 0.0003121098626717
1091 0.0002176596715973
1092 0.0001940525676751
1093 0.0003121098626717
1094 0.0003121098626717
1095 0.0003121098626717
1096 0.0003121098626717
1097 0.0002764204011178
1098 0.0003636227245628
1099 0.0002490607095792
1100 0.0003121098626717
1101 0.0003252924931384
1102 0.0003121098626717
1103 0.0001871989628915
1104 0.0001506937576146
1105 0.0003121098626717
1106 0.0002490607095792
1107 0.0003121098626717
1108 0.0001604764910316
1109 0.0003121098626717
1110 0.0003121098626717
1111 0.0003021126961799
1112 0.0003121098626717
1113 0.0003895671586539
1114 0.0001815471910527
1115 0.0003949006328571
1116 0.0003060318797591
1117 0.0003061306509260
1118 0.0003121098626717
1119 0.0003121098626717
1120 0.0002148558529817
1121 0.0002179021387197
1122 0.0003121098626717
1123 0.0003121098626717
1124 0.0003121098626717
1125 0.0002487105535932
1126 0.0003121098626717
1127 0.0002388797815920
1128 0.0003121098626717
1129 0.0003075313794380
1130 0.0001545344945197
1131 0.0002852705008169
1132 0.0003121098626717
1133 0.0003679895676954
1134 0.0002232246786984
1135 0.0003268472213545
1136 0.0001950409652085
1137 0.0001602630658941
1138 0.0005141965244299
1139 0.0002979823818595
1140 0.0004306624536437
1141 0.0001629464415874
1142 0.0003121098626717
1143 0.0003121098626717
1144 0.0004067084265750
1145 0.0003121098626717
1146 0.0003121098626717
1147 0.0003636227245628
1148 0.0001545344945197
1149 0.0003121098626717
1150 0.0002140414218260
1151 0.0003121098626717
1152 0.0004303124996267
1153 0.0003121098626717
1154 0.0003973007136959
1155 0.0003121098626717
1156 0.0004916708622459
1157 0.0003121098626717
1158 0.0002006884750088
1159 0.0002268512771205
1160 0.0003121098626717
1161 0.0001730281042403
1162 0.0003121098626717
1163 0.0003121098626717
1164 0.0003121098626717
1165 0.0003121098626717
1166 0.0003121098626717
1167 0.0003121098626717
1168 0.0003121098626717
1169 0.0003121098626717
1170 0.0003121098626717
1171 0.0003712253309231
1172 0.0002863071861599
1173 0.0003121098626717
1174 0.0005345910159156
1175 0.0003121098626717
1176 0.0003323902610075
1177 0.0003121098626717
1178 0.0002966333116391
1179 0.0002526204101568
1180 0.0003121098626717
1181 0.0003121098626717
1182 0.0003121098626717
1183 0.0004626482130542
1184 0.0003299674659515
1185 0.0003121098626717
1186 0.0003121098626717
1187 0.0002028359693331
1188 0.0002212855606391
1189 0.0004291654702641
1190 0.0001824017374606
1191 0.0003121098626717
1192 0.0003121098626717
1193 0.0002693914559140
1194 0.0003121098626717
1195 0.0003121098626717
1196 0.0002159266173459
1197 0.0004995081884024
1198 0.0003121098626717
1199 0.0001602630658941
1200 0.0003121098626717
1201 0.0003121098626717
1202 0.0003121098626717
1203 0.0003121098626717
1204 0.0006347358169618
1205 0.0003121098626717
1206 0.0002100626372119
1207 0.0003119622975030
1208 0.0003121098626717
1209 0.0003121098626717
1210 0.0002238262712004
1211 0.0003121098626717
1212 0.0003121098626717
1213 0.0002438370411108
1214 0.0003637411071301
1215 0.0002609144415536
1216 0.0003121098626717
1217 0.0003121098626717
1218 0.0003121098626717
1219 0.0003121098626717
1220 0.0003121098626717
1221 0.0004307501491613
1222 0.0003807745243841
1223 0.0002394032922830
1224 0.0004144281054772
1225 0.0002013786417168
1226 0.0003121098626717
1227 0.0002124138655490
1228 0.0003121098626717
1229 0.0003121098626717
1230 0.0002878885927936
1231 0.0003121098626717
1232 0.0003121098626717
1233 0.0005348542093032
1234 0.0003121098626717
1235 0.0003121098626717
1236 0.0004790254015376
1237 0.0003121098626717
1238 0.0003121098626717
1239 0.0003121098626717
1240 0.0003198873204555
1241 0.0002574152326274
1242 0.0003121098626717
1243 0.0003121098626717
1244 0.0003121098626717
1245 0.0003121098626717
1246 0.0002692875815163
1247 0.0002664251005349
1248 0.0003121098626717
1249 0.0003121098626717
1250 0.0003121098626717
1251 0.0003121098626717
1252 0.0003121098626717
1253 0.0003121098626717
1254 0.0003121098626717
1255 0.0003121098626717
1256 0.0003121098626717
1257 0.0002293322295905
1258 0.0003121098626717
1259 0.0003121098626717
1260 0.0002093698508926
1261 0.0003121098626717
1262 0.0002623089315392
1263 0.0002605970007806
1264 0.0007106429058808
1265 0.0003121098626717
1266 0.0003121098626717
1267 0.0002495495549524
1268 0.0003121098626717
1269 0.0003639099785119
1270 0.0002054523998135
1271 0.0003121098626717
1272 0.0002563227477473
1273 0.0003121098626717
1274 0.0003121098626717
1275 0.0003121098626717
1276 0.0003121098626717
1277 0.0003973290483630
1278 0.0003121098626717
1279 0.0003121098626717
1280 0.0003121098626717
1281 0.0003121098626717
1282 0.0003121098626717
1283 0.0002342114192537
1284 0.0003121098626717
1285 0.0003121098626717
1286 0.0003121098626717
1287 0.0001677874218585
1288 0.0003121098626717
1289 0.0003121098626717
1290 0.0003121098626717
1291 0.0004007684400212
1292 0.0002856813198343
1293 0.0003121098626717
1294 0.0002733812146805
1295 0.0003121098626717
1296 0.0003121098626717
1297 0.0001828165505103
1298 0.0003121098626717
1299 0.0003121098626717
1300 0.0003121098626717
1301 0.0003121098626717
1302 0.0005480667413474
1303 0.0002364377787699
1304 0.0003121098626717
1305 0.0001997783675871
1306 0.0002495495549524
1307 0.0003121098626717
1308 0.0002415142958189
1309 0.0003121098626717
1310 0.0003121098626717
1311 0.0001754834172134
1312 0.0003361697809015
1313 0.0001792629689382
1314 0.0003121098626717
1315 0.0002342114192537
1316 0.0003121098626717
1317 0.0003121098626717
1318 0.0003144775275845
1319 0.0003121098626717
1320 0.0002266492569535
1321 0.0003121098626717
1322 0.0004105197271370
1323 0.0007142210272246
1324 0.0003121098626717
1325 0.0003925738404177
1326 0.0003412334809952
1327 0.0003727074455632
1328 0.0003407510034080
1329 0.0003134220326945
1330 0.0003121098626717
1331 0.0003121098626717
1332 0.0002280650444877
1333 0.0002229996250635
1334 0.0003121098626717
1335 0.0002087266145872
1336 0.0001885548454875
1337 0.0003290192759667
1338 0.0003121098626717
1339 0.0003121098626717
1340 0.0003121098626717
1341 0.0003121098626717
1342 0.0003121098626717
1343 0.0003121098626717
1344 0.0002733812146805
1345 0.0002848858065296
1346 0.0002657241036147
1347 0.0002580708321870
1348 0.0005704128803914
1349 0.0003802955122591
1350 0.0003121098626717
1351 0.0007849204451795
1352 0.0003121098626717
1353 0.0004944156556685
1354 0.0002493439353557
1355 0.0002122124220900
1356 0.0003121098626717
1357 0.0005570036591400
1358 0.0003121098626717
1359 0.0003121098626717
1360 0.0003121098626717
1361 0.0003121098626717
1362 0.0003121098626717
1363 0.0003121098626717
1364 0.0002757970303725
1365 0.0003026419392727
1366 0.0002279968344900
1367 0.0003121098626717
1368 0.0002186656606236
1369 0.0002547782332739
1370 0.0003121098626717
1371 0.0002733812146805
1372 0.0003121098626717
1373 0.0003121098626717
1374 0.0003121098626717
1375 0.0003121098626717
1376 0.0003121098626717
1377 0.0003121098626717
1378 0.0004242517419458
1379 0.0004791482458217
1380 0.0003121098626717
1381 0.0003121098626717
1382 0.0001683677909168
1383 0.0003121098626717
1384 0.0003121098626717
1385 0.0001771147371538
1386 0.0002315309837828
1387 0.0002522709120085
1388 0.0003113160754487
1389 0.0001533545155278
1390 0.0002605970007806
1391 0.0002645603510413
1392 0.0004848848478366
1393 0.0001771147371538
1394 0.0002435127039114
1395 0.0019228176698363
1396 0.0002221117233542
1397 0.0003121098626717
1398 0.0001880298505637
1399 0.0001771809752582
1400 0.0003121098626717
1401 0.0003121098626717
1402 0.0003121098626717
1403 0.0003121098626717
1404 0.0003121098626717
1405 0.0003121098626717
1406 0.0003121098626717
1407 0.0001675138996251
1408 0.0002389338752488
1409 0.0002593997391362
1410 0.0002861911112144
1411 0.0003121098626717
1412 0.0002365893445937
1413 0.0003121098626717
1414 0.0003121098626717
1415 0.0003121098626717
1416 0.0003006057155734
1417 0.0002763719785923
1418 0.0003377670351465
1419 0.0002218290784064
1420 0.0004227758270990
1421 0.0003121098626717
1422 0.0003121098626717
1423 0.0001732084119493
1424 0.0003338812270802
1425 0.0003121098626717
1426 0.0003121098626717
1427 0.0003121098626717
1428 0.0003833770764251
1429 0.0003121098626717
1430 0.0003121098626717
1431 0.0003121098626717
1432 0.0003121098626717
1433 0.0002850311528639
1434 0.0003121098626717
1435 0.0003121098626717
1436 0.0003121098626717
1437 0.0003121098626717
1438 0.0003121098626717
1439 0.0003446072137363
1440 0.0003121098626717
1441 0.0003121098626717
1442 0.0003121098626717
1443 0.0001832804670414
1444 0.0003121098626717
1445 0.0003121098626717
1446 0.0003121098626717
1447 0.0003121098626717
1448 0.0002402168574534
1449 0.0003121098626717
1450 0.0003121098626717
1451 0.0003121098626717
1452 0.0002294945844517
1453 0.0003121098626717
1454 0.0004858759136273
1455 0.0001774093746603
1456 0.0003121098626717
1457 0.0001634821396555
1458 0.0003121098626717
1459 0.0001829117756672
1460 0.0003121098626717
1461 0.0001545344945197
1462 0.0001545344945197
1463 0.0001877404296800
1464 0.0003121098626717
1465 0.0001735626103827
1466 0.0001963385731177
1467 0.0002994378300726
1468 0.0003714911785802
1469 0.0003121098626717
1470 0.0012161700188810
1471 0.0002364377787699
1472 0.0003121098626717
1473 0.0003121098626717
1474 0.0003121098626717
1475 0.0003121098626717
1476 0.0006730407017168
1477 0.0003121098626717
1478 0.0003121098626717
1479 0.0002574152326274
1480 0.0003121098626717
1481 0.0003121098626717
1482 0.0003121098626717
1483 0.0001975494132231
1484 0.0001553608064825
1485 0.0001876753140776
1486 0.0005122976608435
1487 0.0002457437965574
1488 0.0002063521171188
1489 0.0003121098626717
1490 0.0013780848417027
1491 0.0003121098626717
1492 0.0003121098626717
1493 0.0003121098626717
1494 0.0003121098626717
1495 0.0005969978252217
1496 0.0004007684400212
1497 0.0001853336435692
1498 0.0003121098626717
1499 0.0003121098626717
1500 0.0003121098626717
1501 0.0004128027836855
1502 0.0001725309705579
1503 0.0004438986984649
1504 0.0003121098626717
1505 0.0003121098626717
1506 0.0002733812146805
1507 0.0003121098626717
1508 0.0003121098626717
1509 0.0003121098626717
1510 0.0003121098626717
1511 0.0003121098626717
1512 0.0003121098626717
1513 0.0003121098626717
1514 0.0003199657045433
1515 0.0003121098626717
1516 0.0003121098626717
1517 0.0002855395666295
1518 0.0003121098626717
1519 0.0003121098626717
1520 0.0002218532424839
1521 0.0003121098626717
1522 0.0004397223670375
1523 0.0004505178924075
1524 0.0004342025759056
1525 0.0003049835184168
1526 0.0002311604439404
1527 0.0002195546477796
1528 0.0003121098626717
1529 0.0002216249896150
1530 0.0002788897520866
1531 0.0003121098626717
1532 0.0003149741542777
1533 0.0003121098626717
1534 0.0002016242250776
1535 0.0001768380794876
1536 0.0002528079545655
1537 0.0001998982231746
1538 0.0003849501281282
1539 0.0003629760938802
1540 0.0001802155945266
1541 0.0004360512332137
1542 0.0003508385106628
1543 0.0002669117156399
1544 0.0003121098626717
1545 0.0003121098626717
1546 0.0003121098626717
1547 0.0004562096953398
1548 0.0006395441085551
1549 0.0004148819375403
1550 0.0003733391972221
1551 0.0002918626159841
1552 0.0002217195957567
1553 0.0002083232897235
1554 0.0003121098626717
1555 0.0003121098626717
1556 0.0003121098626717
1557 0.0002126692833956
1558 0.0003636227245628
1559 0.0003121098626717
1560 0.0001963360601475
1561 0.0003121098626717
1562 0.0003121098626717
1563 0.0001859391832234
1564 0.0005553847709330
1565 0.0003572964788548
1566 0.0002605970007806
1567 0.0003121098626717
1568 0.0003121098626717
1569 0.0002257825272280
1570 0.0003121098626717
1571 0.0004022172515038
1572 0.0002280007632815
1573 0.0003121098626717
1574 0.0003121098626717
1575 0.0003121098626717
1576 0.0003121098626717
1577 0.0003121098626717
1578 0.0003121098626717
1579 0.0003121098626717
1580 0.0002875675194107
1581 0.0003121098626717
1582 0.0005657070989856
1583 0.0003121098626717
1584 0.0003121098626717
1585 0.0003121098626717
1586 0.0003121098626717
1587 0.0003121098626717
1588 0.0002495495549524
1589 0.0003121098626717
1590 0.0003121098626717
1591 0.0003775133562142
1592 0.0002932654555265
1593 0.0003091514066229
1594 0.0003121098626717
1595 0.0003121098626717
1596 0.0002218532424839
1597 0.0003121098626717
1598 0.0003121098626717
1599 0.0004295645667470
1600 0.0001545344945197
1601 0.0001545344945197
1602 0.0001634821396555
1603 0.0004734336977981
1604 0.0002700291119696
1605 0.0003895671586539
1606 0.0003121098626717
1607 0.0003121098626717
1608 0.0002391323060065
1609 0.0003121098626717
1610 0.0003895671586539
1611 0.0001566838123765
1612 0.0004524740478355
1613 0.0004023177994334
1614 0.0003121098626717
1615 0.0002733812146805
1616 0.0003121098626717
1617 0.0003121098626717
1618 0.0002261918253708
1619 0.0002698589017164
1620 0.0003121098626717
1621 0.0003121098626717
1622 0.0003121098626717
1623 0.0001948065618123
1624 0.0002115424312551
1625 0.0006079036399046
1626 0.0003121098626717
1627 0.0003121098626717
1628 0.0003121098626717
1629 0.0002512080282651
1630 0.0002218290784064
1631 0.0003121098626717
1632 0.0003121098626717
1633 0.0003121098626717
1634 0.0003121098626717
1635 0.0002444512141930
1636 0.0003121098626717
1637 0.0003687233409724
1638 0.0004761937528044
1639 0.0003121098626717
1640 0.0003231527984677
1641 0.0003121098626717
1642 0.0003121098626717
1643 0.0003121098626717
1644 0.0002152306819875
1645 0.0004617244819377
1646 0.0002856389567883
1647 0.0002827382477962
1648 0.0002018083850040
1649 0.0003121098626717
1650 0.0003121098626717
1651 0.0003121098626717
1652 0.0004824996290182
1653 0.0002659037374733
1654 0.0003121098626717
1655 0.0003121098626717
1656 0.0001908713937508
1657 0.0003636227245628
1658 0.0004892198811454
1659 0.0003121098626717
1660 0.0003121098626717
1661 0.0003849212491806
1662 0.0003738179323406
1663 0.0003508385106628
1664 0.0003168213563533
1665 0.0002605970007806
1666 0.0004761937528044
1667 0.0002515795848728
1668 0.0002515795848728
1669 0.0003121098626717
1670 0.0001722938795028
1671 0.0003121098626717
1672 0.0003121098626717
1673 0.0004557884960410
1674 0.0003121098626717
1675 0.0002170271853692
1676 0.0003121098626717
1677 0.0001689138123170
1678 0.0002306001474375
1679 0.0003121098626717
1680 0.0002693914559140
1681 0.0002527118874250
1682 0.0003330605984209
1683 0.0004063816396324
1684 0.0002437851789051
1685 0.0001930234133805
1686 0.0003121098626717
1687 0.0003121098626717
1688 0.0003121098626717
1689 0.0003121098626717
1690 0.0005687913006567
1691 0.0003121098626717
1692 0.0003238380045938
1693 0.0003121098626717
1694 0.0003121098626717
1695 0.0003121098626717
1696 0.0002715054143142
1697 0.0001634821396555
1698 0.0003246572984016
1699 0.0003121098626717
1700 0.0003121098626717
1701 0.0003121098626717
1702 0.0001858792773986
1703 0.0003121098626717
1704 0.0004842558099467
1705 0.0002245320914591
1706 0.0005005106820093
1707 0.0002286213020621
1708 0.0003121098626717
1709 0.0002233710606289
1710 0.0003895671586539
1711 0.0003895671586539
1712 0.0002948908372211
1713 0.0003121098626717
1714 0.0003121098626717
1715 0.0003764028626415
1716 0.0003121098626717
1717 0.0003895671586539
1718 0.0001675138996251
1719 0.0002538387350301
1720 0.0003121098626717
1721 0.0003121098626717
1722 0.0003158480165778
1723 0.0003121098626717
1724 0.0003121098626717
1725 0.0003121098626717
1726 0.0003121098626717
1727 0.0008634065221280
1728 0.0001890880903664
1729 0.0003121098626717
1730 0.0003121098626717
1731 0.0003121098626717
1732 0.0003121098626717
1733 0.0003121098626717
1734 0.0002300058060773
1735 0.0003121098626717
1736 0.0003121098626717
1737 0.0003121098626717
1738 0.0002176491823205
1739 0.0003636227245628
1740 0.0004576982344777
1741 0.0003121098626717
1742 0.0003121098626717
1743 0.0003121098626717
1744 0.0003121098626717
1745 0.0003863332891091
1746 0.0002102372318517
1747 0.0003512393996552
1748 0.0011262288222602
1749 0.0002232249611394
1750 0.0013725211969420
1751 0.0003210381827540
1752 0.0002655529714288
1753 0.0005976172921512
1754 0.0003121098626717
1755 0.0003121098626717
1756 0.0003121098626717
1757 0.0003121098626717
1758 0.0003121098626717
1759 0.0003121098626717
1760 0.0001955523817036
1761 0.0003121098626717
1762 0.0003121098626717
1763 0.0003121098626717
1764 0.0003121098626717
1765 0.0003121098626717
1766 0.0004906262022170
1767 0.0002173492875853
1768 0.0003121098626717
1769 0.0003121098626717
1770 0.0007537427834041
1771 0.0003121098626717
1772 0.0003121098626717
1773 0.0003583575962448
1774 0.0003121098626717
1775 0.0003121098626717
1776 0.0003121098626717
1777 0.0002314284288563
1778 0.0003143689498742
1779 0.0003121098626717
1780 0.0036786972083422
1781 0.0003121098626717
1782 0.0003121098626717
1783 0.0003121098626717
1784 0.0011039023249408
1785 0.0005740796806799
1786 0.0005446124225352
1787 0.0004207978582827
1788 0.0003121098626717
1789 0.0003121098626717
1790 0.0003121098626717
1791 0.0003222020277447
1792 0.0002314497110333
1793 0.0002792079813964
1794 0.0003121098626717
1795 0.0003121098626717
1796 0.0003121098626717
1797 0.0003121098626717
1798 0.0003121098626717
1799 0.0002853432299765
1800 0.0003121098626717
1801 0.0003121098626717
1802 0.0002733812146805
1803 0.0002790591637754
1804 0.0003507273971359
1805 0.0003895671586539
1806 0.0004311587273243
1807 0.0003121098626717
1808 0.0003121098626717
1809 0.0001921189904739
1810 0.0003121098626717
1811 0.0003121098626717
1812 0.0003514986375983
1813 0.0003121098626717
1814 0.0003121098626717
1815 0.0003121098626717
1816 0.0003121098626717
1817 0.0002853432299765
1818 0.0003121098626717
1819 0.0003121098626717
1820 0.0003121098626717
1821 0.0003121098626717
1822 0.0003121098626717
1823 0.0002570117585466
1824 0.0002569563701369
1825 0.0005743736391331
1826 0.0002392632158353
1827 0.0001915223202677
1828 0.0002275531754082
1829 0.0003121098626717
1830 0.0002068159831293
1831 0.0002111451629608
1832 0.0002733812146805
1833 0.0008636243151550
1834 0.0002152808331819
1835 0.0004535114297369
1836 0.0003121098626717
1837 0.0003121098626717
1838 0.0003121098626717
1839 0.0001998982231746
1840 0.0003192436049232
1841 0.0002733812146805
1842 0.0003121098626717
1843 0.0003121098626717
1844 0.0002337970162899
1845 0.0004300604107890
1846 0.0004615462982204
1847 0.0003121098626717
1848 0.0002733812146805
1849 0.0003121098626717
1850 0.0003121098626717
1851 0.0002236763478077
1852 0.0003255772007235
1853 0.0003145734234287
1854 0.0003121098626717
1855 0.0005391488936321
1856 0.0002495495549524
1857 0.0004551733325813
1858 0.0003121098626717
1859 0.0007332028284849
1860 0.0002332839882831
1861 0.0002231771114583
1862 0.0003121098626717
1863 0.0003121098626717
1864 0.0003121098626717
1865 0.0003121098626717
1866 0.0002192681354313
1867 0.0003121098626717
1868 0.0002514219134807
1869 0.0002159413323707
1870 0.0002450565361024
1871 0.0002574152326274
1872 0.0003121098626717
1873 0.0003121098626717
1874 0.0003121098626717
1875 0.0002295718286126
1876 0.0005561861976029
1877 0.0002701497085429
1878 0.0005103426748178
1879 0.0001676005043416
1880 0.0003121098626717
1881 0.0003121098626717
1882 0.0002650764195283
1883 0.0003421360344791
1884 0.0002431214939013
1885 0.0002547268405846
1886 0.0003121098626717
1887 0.0003121098626717
1888 0.0003121098626717
1889 0.0003121098626717
1890 0.0001941745824105
1891 0.0003618133756285
1892 0.0003121098626717
1893 0.0002751778676098
1894 0.0003121098626717
1895 0.0003121098626717
1896 0.0003121098626717
1897 0.0003121098626717
1898 0.0003121098626717
1899 0.0003908841532848
1900 0.0006644802499807
1901 0.0002539269109547
1902 0.0002574152326274
1903 0.0003121098626717
1904 0.0003121098626717
1905 0.0001570858901207
1906 0.0003121098626717
1907 0.0004532869692492
1908 0.0005158322201372
1909 0.0003121098626717
1910 0.0003121098626717
1911 0.0002259244809242
1912 0.0003121098626717
1913 0.0003121098626717
1914 0.0003327599343734
1915 0.0003528479953893
1916 0.0003121098626717
1917 0.0003121098626717
1918 0.0004939586004346
1919 0.0003002710347960
1920 0.0003121098626717
1921 0.0003121098626717
1922 0.0003121098626717
1923 0.0003302120489095
1924 0.0003907031770539
1925 0.0001880782465846
1926 0.0002962656033864
1927 0.0003227559363156
1928 0.0002605970007806
1929 0.0002417864680410
1930 0.0002613519470385
1931 0.0005253534188212
1932 0.0003121098626717
1933 0.0001940093306658
1934 0.0004049060909021
1935 0.0004345257961474
1936 0.0002193401894760
1937 0.0003272073414794
1938 0.0003606456892712
1939 0.0003121098626717
1940 0.0003121098626717
1941 0.0003121098626717
1942 0.0003121098626717
1943 0.0003143689498742
1944 0.0016568581106069
1945 0.0006734531846597
1946 0.0006572178597585
1947 0.0003636227245628
1948 0.0002584102066811
1949 0.0003121098626717
1950 0.0003230117888116
1951 0.0003121098626717
1952 0.0003121098626717
1953 0.0003121098626717
1954 0.0003750732167542
1955 0.0002214422823867
1956 0.0002211695834075
1957 0.0003121098626717
1958 0.0002666760302762
1959 0.0002747785026260
1960 0.0004651241853501
1961 0.0003121098626717
1962 0.0004761937528044
1963 0.0003121098626717
1964 0.0002733812146805
1965 0.0003121098626717
1966 0.0002495048413631
1967 0.0002896815235161
1968 0.0003841197621965
1969 0.0003121098626717
1970 0.0003121098626717
1971 0.0005217033125769
1972 0.0005224084756487
1973 0.0002152808331819
1974 0.0003592930532189
1975 0.0004634219104239
1976 0.0003121098626717
1977 0.0004551733325813
1978 0.0003121098626717
1979 0.0001676005043416
1980 0.0003121098626717
1981 0.0003721114233823
1982 0.0003121098626717
1983 0.0003121098626717
1984 0.0003121098626717
1985 0.0001963360601475
1986 0.0006256327173208
1987 0.0003254091682259
1988 0.0005516900838380
1989 0.0003121098626717
1990 0.0003121098626717
1991 0.0002429132062212
1992 0.0003121098626717
1993 0.0001536794224513
1994 0.0003121098626717
1995 0.0003121098626717
1996 0.0003337079935918
1997 0.0003121098626717
1998 0.0002111451629608
1999 0.0003121098626717
2000 0.0003121098626717
2001 0.0002714726051362
2002 0.0003904274349595
2003 0.0004522957923635
2004 0.0003121098626717
2005 0.0003121098626717
2006 0.0003121098626717
2007 0.0003121098626717
2008 0.0003121098626717
2009 0.0003121098626717
2010 0.0002733812146805
2011 0.0003895671586539
2012 0.0002733812146805
2013 0.0003121098626717
2014 0.0002717189692345
2015 0.0002751617604491
2016 0.0014785178542629
2017 0.0003168121707480
2018 0.0003121098626717
2019 0.0002941222832892
2020 0.0001666963588458
2021 0.0001846381279476
2022 0.0001872683182750
2023 0.0003121098626717
2024 0.0001795872812147
2025 0.0003121098626717
2026 0.0003121098626717
2027 0.0002908770027479
2028 0.0003121098626717
2029 0.0003121098626717
2030 0.0005657900859256
2031 0.0001876601875935
2032 0.0003239035914574
2033 0.0005009225214461
2034 0.0002275531754082
2035 0.0001858792773986
2036 0.0003121098626717
2037 0.0003121098626717
2038 0.0003121098626717
2039 0.0004846200095752
2040 0.0001684304729063
2041 0.0003209236763225
2042 0.0002138126075738
2043 0.0004366642810279
2044 0.0003047465036653
2045 0.0011325810298307
2046 0.0003121098626717
2047 0.0002656822507676
2048 0.0003255404230926
2049 0.0001692013209586
2050 0.0003121098626717
2051 0.0004589203188478
2052 0.0005126502607569
2053 0.0002174758572671
2054 0.0002788557004738
2055 0.0003121098626717
2056 0.0003509103360260
2057 0.0002764349621672
2058 0.0001934113186481
2059 0.0006965017326242
2060 0.0003577527269523
2061 0.0003121098626717
2062 0.0003121098626717
2063 0.0003121098626717
2064 0.0003121098626717
2065 0.0003895671586539
2066 0.0003121098626717
2067 0.0001962419901751
2068 0.0003121098626717
2069 0.0003121098626717
2070 0.0002547782332739
2071 0.0003121098626717
2072 0.0003121098626717
2073 0.0004347136458413
2074 0.0003122796055882
2075 0.0003121098626717
2076 0.0003121098626717
2077 0.0003121098626717
2078 0.0003121098626717
2079 0.0005463794018497
2080 0.0003212518505398
2081 0.0002705293659858
2082 0.0002035928597926
2083 0.0003121098626717
2084 0.0002119527925050
2085 0.0003121098626717
2086 0.0002439417828881
2087 0.0003121098626717
2088 0.0003121098626717
2089 0.0003121098626717
2090 0.0002210632438127
2091 0.0002367928166059
2092 0.0004718801306763
2093 0.0004098843921537
2094 0.0004245376482259
2095 0.0002711915383382
2096 0.0002675914590911
2097 0.0003121098626717
2098 0.0003748367580378
2099 0.0003121098626717
2100 0.0002574152326274
2101 0.0002574152326274
2102 0.0003121098626717
2103 0.0003121098626717
2104 0.0001993559758373
2105 0.0003121098626717
2106 0.0007545327558837
2107 0.0003121098626717
2108 0.0004829989975345
2109 0.0004725840041858
2110 0.0005323077041040
2111 0.0001540948943147
2112 0.0003121098626717
2113 0.0002801178714201
2114 0.0003225735474879
2115 0.0003121098626717
2116 0.0003121098626717
2117 0.0001692055781943
2118 0.0004031035464293
2119 0.0003927850852964
2120 0.0003121098626717
2121 0.0002856813198343
2122 0.0002206364029503
2123 0.0003121098626717
2124 0.0001986163632661
2125 0.0003817020182863
2126 0.0006058688931913
2127 0.0001774034485377
2128 0.0004280132703612
2129 0.0002496392700466
2130 0.0002733812146805
2131 0.0002733812146805
2132 0.0003121098626717
2133 0.0003121098626717
2134 0.0003895671586539
2135 0.0003121098626717
2136 0.0002091671012117
2137 0.0006377368438613
2138 0.0003857075463140
2139 0.0001802424027013
2140 0.0003121098626717
2141 0.0003636227245628
2142 0.0003121098626717
2143 0.0002280650444877
2144 0.0003121098626717
2145 0.0003234412253482
2146 0.0002033382513735
2147 0.0002278056180339
2148 0.0002402168574534
2149 0.0006407559928355
2150 0.0003990016660688
2151 0.0001913212862488
2152 0.0002173794759122
2153 0.0003276002520153
2154 0.0004057391024012
2155 0.0002071085995928
2156 0.0003121098626717
2157 0.0003121098626717
2158 0.0002697443058017
2159 0.0002755117633264
2160 0.0003121098626717
2161 0.0001806644163812
2162 0.0004012086702639
2163 0.0002299636222382
2164 0.0003050093089191
2165 0.0002041291928926
2166 0.0005750217474530
2167 0.0002941180064258
2168 0.0001761474007767
2169 0.0004095382382264
2170 0.0003121098626717
2171 0.0003121098626717
2172 0.0003121098626717
2173 0.0003121098626717
2174 0.0003800382216698
2175 0.0002059747721876
2176 0.0003174609163842
2177 0.0003316625417418
2178 0.0005130778807468
2179 0.0003121098626717
2180 0.0002508515609648
2181 0.0002626358629996
2182 0.0002447693536581
2183 0.0003121098626717
2184 0.0003044852318689
2185 0.0003121098626717
2186 0.0002389879902062
2187 0.0002013219794646
2188 0.0005084966884910
2189 0.0003895671586539
2190 0.0001961616746776
2191 0.0003221269391917
2192 0.0002676324584305
2193 0.0002705909069011
2194 0.0003100193224001
2195 0.0003121098626717
2196 0.0003121098626717
2197 0.0002054393203828
2198 0.0003121098626717
2199 0.0002733812146805
2200 0.0003121098626717
2201 0.0002136865287223
2202 0.0008676767496214
2203 0.0004283389578380
2204 0.0003121098626717
2205 0.0003121098626717
2206 0.0003121098626717
2207 0.0003121098626717
2208 0.0002850311528639
2209 0.0002671962939124
2210 0.0003392279223604
2211 0.0003121098626717
2212 0.0003121098626717
2213 0.0002635000015117
2214 0.0003190871359617
2215 0.0002835204408110
2216 0.0003121098626717
2217 0.0005424938523822
2218 0.0003877507012562
2219 0.0005441527071124
2220 0.0002447299344002
2221 0.0004219109266702
2222 0.0003121098626717
2223 0.0003121098626717
2224 0.0003121098626717
2225 0.0003636227245628
2226 0.0004357788662409
2227 0.0004534652582188
2228 0.0002209703825550
2229 0.0002638384395287
2230 0.0003636227245628
2231 0.0003121098626717
2232 0.0003121098626717
2233 0.0003121098626717
2234 0.0003121098626717
2235 0.0003121098626717
2236 0.0003121098626717
2237 0.0003121098626717
2238 0.0003121098626717
2239 0.0003121098626717
2240 0.0003121098626717
2241 0.0003121098626717
2242 0.0003121098626717
2243 0.0003121098626717
2244 0.0003605933315456
2245 0.0003121098626717
2246 0.0003705308069158
2247 0.0003121098626717
2248 0.0002291401309000
2249 0.0003121098626717
2250 0.0003599885702703
2251 0.0002603670451107
2252 0.0002748706328004
2253 0.0002430239521339
2254 0.0003121098626717
2255 0.0002300651695593
2256 0.0003001871473667
2257 0.0001625076626242
2258 0.0003121098626717
2259 0.0003121098626717
2260 0.0003121098626717
2261 0.0003121098626717
2262 0.0002472680400939
2263 0.0001810164037777
2264 0.0003121098626717
2265 0.0003121098626717
2266 0.0003121098626717
2267 0.0002733812146805
2268 0.0002278488598697
2269 0.0003022893478611
2270 0.0003121098626717
2271 0.0002749626240803
2272 0.0003012042259536
2273 0.0002210910605855
2274 0.0003121098626717
2275 0.0003442569258106
2276 0.0003089757283505
2277 0.0001754738598067
2278 0.0002605970007806
2279 0.0001990378745769
2280 0.0003121098626717
2281 0.0002839336682848
2282 0.0003121098626717
2283 0.0003121098626717
2284 0.0003121098626717
2285 0.0003203917667351
2286 0.0002265311414182
2287 0.0002733812146805
2288 0.0002720634036472
2289 0.0001702477925361
2290 0.0003121098626717
2291 0.0002346358134288
2292 0.0003121098626717
2293 0.0001934576328138
2294 0.0003121098626717
2295 0.0002337330666430
2296 0.0002043736031151
2297 0.0001784341502808
2298 0.0002103687319869
2299 0.0003121098626717
2300 0.0002733812146805
2301 0.0002118256287863
2302 0.0003121098626717
2303 0.0003121098626717
2304 0.0003121098626717
2305 0.0003121098626717
2306 0.0003121098626717
2307 0.0003121098626717
2308 0.0002810564549007
2309 0.0001817196457738
2310 0.0003121098626717
2311 0.0003121098626717
2312 0.0002613768149935
2313 0.0003354780070918
2314 0.0003732620628984
2315 0.0003121098626717
2316 0.0004878769400694
2317 0.0002026717940016
2318 0.0006356807629344
2319 0.0002349114431491
2320 0.0003121098626717
2321 0.0003121098626717
2322 0.0002999385317549
2323 0.0003121098626717
2324 0.0001556325995204
2325 0.0004500296505757
2326 0.0003121098626717
2327 0.0003121098626717
2328 0.0002487919699302
2329 0.0003121098626717
2330 0.0003121098626717
2331 0.0003121098626717
2332 0.0004047284378013
2333 0.0003121098626717
2334 0.0002237386836024
2335 0.0003121098626717
2336 0.0003121098626717
2337 0.0003121098626717
2338 0.0003174179532125
2339 0.0003912836198187
2340 0.0003697480538283
2341 0.0002241271757419
2342 0.0002993861985885
2343 0.0002445964395666
2344 0.0004976262847013
2345 0.0002733812146805
2346 0.0003121098626717
2347 0.0002678712920839
2348 0.0008027932034134
2349 0.0002763719785923
2350 0.0003121098626717
2351 0.0002341830315911
2352 0.0002341830315911
2353 0.0004674830563444
2354 0.0005858589710896
2355 0.0006115929384287
2356 0.0003875270493387
2357 0.0004682943780006
2358 0.0001859763763156
2359 0.0003001871473667
2360 0.0001516553355722
2361 0.0001839875557011
2362 0.0003121098626717
2363 0.0003121098626717
2364 0.0004109627786954
2365 0.0003121098626717
2366 0.0001689138123170
2367 0.0003121098626717
2368 0.0003121098626717
2369 0.0003121098626717
2370 0.0002350715136981
2371 0.0001624943347689
2372 0.0006449214857615
2373 0.0003872929777185
2374 0.0003293929392959
2375 0.0003456237366621
2376 0.0004559223481240
2377 0.0001949488165155
2378 0.0003191643597453
2379 0.0004142352734289
2380 0.0003121098626717
2381 0.0003121098626717
2382 0.0003121098626717
2383 0.0003121098626717
2384 0.0003121098626717
2385 0.0003121098626717
2386 0.0003798631948823
2387 0.0004073479262764
2388 0.0003121098626717
2389 0.0003121098626717
2390 0.0003121098626717
2391 0.0002772839985746
2392 0.0003514986375983
2393 0.0004761937528044
2394 0.0003121098626717
2395 0.0003344511380928
2396 0.0003121098626717
2397 0.0002236664084514
2398 0.0003121098626717
2399 0.0003121098626717
2400 0.0003121098626717
2401 0.0003121098626717
2402 0.0003121098626717
2403 0.0002297105853494
2404 0.0003121098626717
2405 0.0002323699932798
2406 0.0003010635441437
2407 0.0003121098626717
2408 0.0003121098626717
2409 0.0003121098626717
2410 0.0002077953975315
2411 0.0001751827520495
2412 0.0001957917345283
2413 0.0003121098626717
2414 0.0002733620880482
2415 0.0002764349621672
2416 0.0003548965337132
2417 0.0003121098626717
2418 0.0003121098626717
2419 0.0001743772131378
2420 0.0003120903417300
2421 0.0003121098626717
2422 0.0002811837816861
2423 0.0001532770062071
2424 0.0002151949295112
2425 0.0003121098626717
2426 0.0003259981461338
2427 0.0003121098626717
2428 0.0003121098626717
2429 0.0002186656606236
2430 0.0003121098626717
2431 0.0001880399198186
2432 0.0002484979124901
2433 0.0001621763461115
2434 0.0004156544664346
2435 0.0003548946098015
2436 0.0001625076626242
2437 0.0004588955880892
2438 0.0003121098626717
2439 0.0003121098626717
2440 0.0003121098626717
2441 0.0003121098626717
2442 0.0003121098626717
2443 0.0003121098626717
2444 0.0003121098626717
2445 0.0003121098626717
2446 0.0003121098626717
2447 0.0003121098626717
2448 0.0003121098626717
2449 0.0001931007755087
2450 0.0004196344097178
2451 0.0004046420418579
2452 0.0003408711093179
2453 0.0003253555725537
2454 0.0003766408568050
2455 0.0002582926601916
2456 0.0004274417846410
2457 0.0003121098626717
2458 0.0002733812146805
2459 0.0003121098626717
2460 0.0003121098626717
2461 0.0003121098626717
2462 0.0003121098626717
2463 0.0003121098626717
2464 0.0003121098626717
2465 0.0003047465036653
2466 0.0002733812146805
2467 0.0003121098626717
2468 0.0003121098626717
2469 0.0003293862739553
2470 0.0003121098626717
2471 0.0003121098626717
2472 0.0003121098626717
2473 0.0003121098626717
2474 0.0003121098626717
2475 0.0003121098626717
2476 0.0003008176259519
2477 0.0003115364893358
2478 0.0003015124310200
2479 0.0002368215167508
2480 0.0001710625444254
2481 0.0002334211912177
2482 0.0003121098626717
2483 0.0003121098626717
2484 0.0005042282291387
2485 0.0003121098626717
2486 0.0003121098626717
2487 0.0003121098626717
2488 0.0003121098626717
2489 0.0002391391871536
2490 0.0002780346890694
2491 0.0001581519084060
2492 0.0002941995742993
2493 0.0003121098626717
2494 0.0003121098626717
2495 0.0003120969606887
2496 0.0002090137469654
2497 0.0001913575743823
2498 0.0002276388810516
2499 0.0001665546368576
2500 0.0002776406036537
2501 0.0003121098626717
2502 0.0003121098626717
2503 0.0003121098626717
2504 0.0003525996354110
2505 0.0001795872812147
2506 0.0003121098626717
2507 0.0003121098626717
2508 0.0003121098626717
2509 0.0003121098626717
2510 0.0003121098626717
2511 0.0003121098626717
2512 0.0002086197622742
2513 0.0003121098626717
2514 0.0002396105851921
2515 0.0003121098626717
2516 0.0003069249083685
2517 0.0001866075648072
2518 0.0003121098626717
2519 0.0003121098626717
2520 0.0004813059517607
2521 0.0001783275584839
2522 0.0003121098626717
2523 0.0003996095815102
2524 0.0003121098626717
2525 0.0001664729564397
2526 0.0002136865287223
2527 0.0003121098626717
2528 0.0002605970007806
2529 0.0002059880355733
2530 0.0003121098626717
2531 0.0002622511940556
2532 0.0002574152326274
2533 0.0006239416935032
2534 0.0003121098626717
2535 0.0002535975698318
2536 0.0003544021765309
2537 0.0002236168379764
2538 0.0003121098626717
2539 0.0003121098626717
2540 0.0001948434557226
2541 0.0003121098626717
2542 0.0004534578659125
2543 0.0003403449947866
2544 0.0003122504645658
2545 0.0002852562495476
2546 0.0003345334728247
2547 0.0002008123005188
2548 0.0003121098626717
2549 0.0002761826149942
2550 0.0003121098626717
2551 0.0003083742553336
2552 0.0003121098626717
2553 0.0003121098626717
2554 0.0002423806955244
2555 0.0003654184522869
2556 0.0003351361374004
2557 0.0003059928082134
2558 0.0002068446311963
2559 0.0003121098626717
2560 0.0001710072501729
2561 0.0003121098626717
2562 0.0002174595234791
2563 0.0003121098626717
2564 0.0002787216784446
2565 0.0003121098626717
2566 0.0003895671586539
2567 0.0003121098626717
2568 0.0004377026468432
2569 0.0003121098626717
2570 0.0002153081069945
2571 0.0002022531738600
2572 0.0002043047852919
2573 0.0001955564306513
2574 0.0002023183051849
2575 0.0003121098626717
2576 0.0003121098626717
2577 0.0003121098626717
2578 0.0002627231535704
2579 0.0003121098626717
2580 0.0001847609561633
2581 0.0003317096553182
2582 0.0002082999239169
2583 0.0003121098626717
2584 0.0003121098626717
2585 0.0003121098626717
2586 0.0002733812146805
2587 0.0002733812146805
2588 0.0003121098626717
2589 0.0003121098626717
2590 0.0003121098626717
2591 0.0003121098626717
2592 0.0002082590109259
2593 0.0003588258498992
2594 0.0002835742383950
2595 0.0002900910469180
2596 0.0005524953847244
2597 0.0004357166430364
2598 0.0003121098626717
2599 0.0003121098626717
2600 0.0003121098626717
2601 0.0003121098626717
2602 0.0001761177922045
2603 0.0003121098626717
2604 0.0002745921002663
2605 0.0003121098626717
2606 0.0003406755751462
2607 0.0003121098626717
2608 0.0003121098626717
2609 0.0003121098626717
2610 0.0003121098626717
2611 0.0003895671586539
2612 0.0003121098626717
2613 0.0003121098626717
2614 0.0003121098626717
2615 0.0002935703371186
2616 0.0003121098626717
2617 0.0003258630999254
2618 0.0003125049554196
2619 0.0003121098626717
2620 0.0003121098626717
2621 0.0003121098626717
2622 0.0002334114161867
2623 0.0001784341502808
2624 0.0004599426370302
2625 0.0003713041417896
2626 0.0003121098626717
2627 0.0003494041270949
2628 0.0006534884198442
2629 0.0003150434115995
2630 0.0002622511940556
2631 0.0004896072403495
2632 0.0002982150699955
2633 0.0003121098626717
2634 0.0003121098626717
2635 0.0003121098626717
2636 0.0003121098626717
2637 0.0003121098626717
2638 0.0003121098626717
2639 0.0001784644630481
2640 0.0003121098626717
2641 0.0003121098626717
2642 0.0003121098626717
2643 0.0003121098626717
2644 0.0002340917192741
2645 0.0003121098626717
2646 0.0003121098626717
2647 0.0003121098626717
2648 0.0003121098626717
2649 0.0002874993842586
2650 0.0002733920627888
2651 0.0001556325995204
2652 0.0002230823170371
2653 0.0002230823170371
2654 0.0003121098626717
2655 0.0003121098626717
2656 0.0002111074970242
2657 0.0003121098626717
2658 0.0003121098626717
2659 0.0003121098626717
2660 0.0003121098626717
2661 0.0003121098626717
2662 0.0003121098626717
2663 0.0002699001570775
2664 0.0003447673539301
2665 0.0003121098626717
2666 0.0002809869410858
2667 0.0004541007002169
2668 0.0002929699027804
2669 0.0003121098626717
2670 0.0003121098626717
2671 0.0003121098626717
2672 0.0002129725677526
2673 0.0003668672495274
2674 0.0003121098626717
2675 0.0003121098626717
2676 0.0001955523817036
2677 0.0003121098626717
2678 0.0008479109965853
2679 0.0003121098626717
2680 0.0001614094925261
2681 0.0001642409388848
2682 0.0002380909357131
2683 0.0002270774353383
2684 0.0002963490312185
2685 0.0003121098626717
2686 0.0003715844070916
2687 0.0002614693252271
2688 0.0003121098626717
2689 0.0003700992016426
2690 0.0002102795923321
2691 0.0002056875826895
2692 0.0003022893478611
2693 0.0003121098626717
2694 0.0003121098626717
2695 0.0002455847528702
2696 0.0003121098626717
2697 0.0003738853323744
2698 0.0003121098626717
2699 0.0001675651325766
2700 0.0003121098626717
2701 0.0003121098626717
2702 0.0002733812146805
2703 0.0004570952128310
2704 0.0002503907394363
2705 0.0003121098626717
2706 0.0002223848137515
2707 0.0004120915430900
2708 0.0005064044031845
2709 0.0003205504921342
2710 0.0003121098626717
2711 0.0002032410019137
2712 0.0003121098626717
2713 0.0002699001570775
2714 0.0003285293689803
2715 0.0002173768546541
2716 0.0002323699932798
2717 0.0002736868834400
2718 0.0004524891308760
2719 0.0003121098626717
2720 0.0003121098626717
2721 0.0003121098626717
2722 0.0005889800549874
2723 0.0003121098626717
2724 0.0003121098626717
2725 0.0004370329186152
2726 0.0002044512829710
2727 0.0003121098626717
2728 0.0003895671586539
2729 0.0001771809752582
2730 0.0003419771985849
2731 0.0004827733801335
2732 0.0003323446898013
2733 0.0003217896238868
2734 0.0002173613530180
2735 0.0003647167861081
2736 0.0002733812146805
2737 0.0003628941552336
2738 0.0001847609561633
2739 0.0002304468399749
2740 0.0004747368867477
2741 0.0002708317659857
2742 0.0003121098626717
2743 0.0003121098626717
2744 0.0003055193339610
2745 0.0004633830379573
2746 0.0002953069982451
2747 0.0002228027262496
2748 0.0003121098626717
2749 0.0003121098626717
2750 0.0004896839383527
2751 0.0003121098626717
2752 0.0002071413683916
2753 0.0003121098626717
2754 0.0003121098626717
2755 0.0002083327133966
2756 0.0003252368463249
2757 0.0003121098626717
2758 0.0003121098626717
2759 0.0003121098626717
2760 0.0003121098626717
2761 0.0002238155864572
2762 0.0002171386343196
2763 0.0003121098626717
2764 0.0004681146539473
2765 0.0002729831864075
2766 0.0004533787476925
2767 0.0002440671589395
2768 0.0002140414218260
2769 0.0004011712745213
2770 0.0003138413379869
2771 0.0002954942158397
2772 0.0002254087707559
2773 0.0003121098626717
2774 0.0003121098626717
2775 0.0003121098626717
2776 0.0001888938586877
2777 0.0003121098626717
2778 0.0003121098626717
2779 0.0003121098626717
2780 0.0001625076626242
2781 0.0003121098626717
2782 0.0002694633302803
2783 0.0003556139343316
2784 0.0003328412203172
2785 0.0002609723973962
2786 0.0002954942158397
2787 0.0003121098626717
2788 0.0003121098626717
2789 0.0003121098626717
2790 0.0003121098626717
2791 0.0003121098626717
2792 0.0002733812146805
2793 0.0003121098626717
2794 0.0003721551695113
2795 0.0001784794684999
2796 0.0003121098626717
2797 0.0002144245544227
2798 0.0003419771985849
2799 0.0003121098626717
2800 0.0002733812146805
2801 0.0001821532759637
2802 0.0003121098626717
2803 0.0003121098626717
2804 0.0003121098626717
2805 0.0003121098626717
2806 0.0003121098626717
2807 0.0003121098626717
2808 0.0003121098626717
2809 0.0003121098626717
2810 0.0003121098626717
2811 0.0003121098626717
2812 0.0003121098626717
2813 0.0003121098626717
2814 0.0003121098626717
2815 0.0003895227235558
2816 0.0002013335198433
2817 0.0003121098626717
2818 0.0001894329706349
2819 0.0001842884776704
2820 0.0001762531967941
2821 0.0003121098626717
2822 0.0003640880979960
2823 0.0002110858146850
2824 0.0003121098626717
2825 0.0003121098626717
2826 0.0002867943305247
2827 0.0003724414217574
2828 0.0002639395204287
2829 0.0003121098626717
2830 0.0003121098626717
2831 0.0003121098626717
2832 0.0003326765984671
2833 0.0003849358573973
2834 0.0003121098626717
2835 0.0003121098626717
2836 0.0002126376688280
2837 0.0002076416582217
2838 0.0003898508470365
2839 0.0004020932067114
2840 0.0001921787838570
2841 0.0004212591432215
2842 0.0003121098626717
2843 0.0004544625811855
2844 0.0003219037273057
2845 0.0002679974015003
2846 0.0003009310211148
2847 0.0003121098626717
2848 0.0004116766021547
2849 0.0002098614779404
2850 0.0001945907068702
2851 0.0003973493248917
2852 0.0002762012992733
2853 0.0003121098626717
2854 0.0004643039323047
2855 0.0004364532630753
2856 0.0001961192911271
2857 0.0002705909069011
2858 0.0004004071652241
2859 0.0002583127300914
2860 0.0003302796059900
2861 0.0001664729564397
2862 0.0002900571983785
2863 0.0002035999319991
2864 0.0002827992973025
2865 0.0004492596933421
2866 0.0002252272664698
2867 0.0004034034418499
2868 0.0002414578286125
2869 0.0003585710092792
2870 0.0001775937211032
2871 0.0003121098626717
2872 0.0003121098626717
2873 0.0004504268566349
2874 0.0003121098626717
2875 0.0002471024366417
2876 0.0002095707870355
2877 0.0003121098626717
2878 0.0001533545155278
2879 0.0003121098626717
2880 0.0001621763461115
2881 0.0003066260328973
2882 0.0002368375278503
2883 0.0002921870167527
2884 0.0003121098626717
2885 0.0003895671586539
2886 0.0002820826585016
2887 0.0002185095531290
2888 0.0004450245514784
2889 0.0003121098626717
2890 0.0003288493495491
2891 0.0003121098626717
2892 0.0003121098626717
2893 0.0002239916981870
2894 0.0001925529094385
2895 0.0002713186343620
2896 0.0003121098626717
2897 0.0002089567659762
2898 0.0002224846603962
2899 0.0003121098626717
2900 0.0002696082202753
2901 0.0005553396159379
2902 0.0001781596900142
2903 0.0003121098626717
2904 0.0005246922688031
2905 0.0001797131550268
2906 0.0003121098626717
2907 0.0002860347611154
2908 0.0003121098626717
2909 0.0003121098626717
2910 0.0004424213195907
2911 0.0001956680816981
2912 0.0002029497703871
2913 0.0003121098626717
2914 0.0002237327697123
2915 0.0002795483195848
2916 0.0003121098626717
2917 0.0002011485412568
2918 0.0003363326701513
2919 0.0001645625743767
2920 0.0002090214097196
2921 0.0001676657058672
2922 0.0002091539401671
2923 0.0003121098626717
2924 0.0003121098626717
2925 0.0003121098626717
2926 0.0005534478512247
2927 0.0003896033008321
2928 0.0001556325995204
2929 0.0003121098626717
2930 0.0003121098626717
2931 0.0003121098626717
2932 0.0002571229613409
2933 0.0001556325995204
2934 0.0003121098626717
2935 0.0002706737494674
2936 0.0001771204736163
2937 0.0001784794684999
2938 0.0003665261986340
2939 0.0001571644984328
2940 0.0003130725219472
2941 0.0003121098626717
2942 0.0001937486815722
2943 0.0001895666603365
2944 0.0002428005789761
2945 0.0002623507882494
2946 0.0003121098626717
2947 0.0003121098626717
2948 0.0003121098626717
2949 0.0002255454020950
2950 0.0001689552108613
2951 0.0005828166846431
2952 0.0003121098626717
2953 0.0002337834299844
2954 0.0002972729561655
2955 0.0002536860773340
2956 0.0002273420841021
2957 0.0003050305494889
2958 0.0001749139089316
2959 0.0001915410514998
2960 0.0003121098626717
2961 0.0003302796059900
2962 0.0002356712963122
2963 0.0003121098626717
2964 0.0003867428087048
2965 0.0002023183051849
2966 0.0001812305626303
2967 0.0002542431699746
2968 0.0003121098626717
2969 0.0003121098626717
2970 0.0003519179514737
2971 0.0003652019358877
2972 0.0002174662281890
2973 0.0001684191187347
2974 0.0001704233293199
2975 0.0002826722489917
2976 0.0002317195496363
2977 0.0003781374024304
2978 0.0003121098626717
2979 0.0003121098626717
2980 0.0002330354422029
2981 0.0002147238494253
2982 0.0001945448637011
2983 0.0002168154721420
2984 0.0002317195496363
2985 0.0002889602250470
2986 0.0007148031155029
2987 0.0003803788677139
2988 0.0003046070895326
2989 0.0002042122886115
2990 0.0002195740154289
2991 0.0003121098626717
2992 0.0003121098626717
2993 0.0003121098626717
2994 0.0003121098626717
2995 0.0002362064444238
2996 0.0003895671586539
2997 0.0002303336634110
2998 0.0003121098626717
2999 0.0002443367526926
3000 0.0002351344090353
3001 0.0002317262657721
3002 0.0010635243454867
3003 0.0003467701980287
3004 0.0001771204736163
3005 0.0003856582540115
3006 0.0003121098626717
3007 0.0001739151322109
3008 0.0002408331830314
3009 0.0003121098626717
3010 0.0004393709692223
3011 0.0003121098626717
3012 0.0003121098626717
3013 0.0003171549698757
3014 0.0003121098626717
3015 0.0002171093019962
3016 0.0001787349778754
3017 0.0003121098626717
3018 0.0003121098626717
3019 0.0003121098626717
3020 0.0003807888472880
3021 0.0002711545151624
3022 0.0003121098626717
3023 0.0003121098626717
3024 0.0002325069857057
3025 0.0003121098626717
3026 0.0003121098626717
3027 0.0003121098626717
3028 0.0003121098626717
3029 0.0003730867249001
3030 0.0001989154814914
3031 0.0002350715136981
3032 0.0001464148042518
3033 0.0002154845988605
3034 0.0002317195496363
3035 0.0003121098626717
3036 0.0002225997914720
3037 0.0002747162879752
3038 0.0002223728596048
3039 0.0002324319728748
3040 0.0002966971451296
3041 0.0002993651735070
3042 0.0001933932261491
3043 0.0001628783243413
3044 0.0002109778820423
3045 0.0003009310211148
3046 0.0002672919085624
3047 0.0003121098626717
3048 0.0003618026970245
3049 0.0002286753027377
3050 0.0002185985817898
3051 0.0001710625444254
3052 0.0005876756437272
3053 0.0007566052544348
3054 0.0002348850108392
3055 0.0003121098626717
3056 0.0003121098626717
3057 0.0002244109160647
3058 0.0003249449603896
3059 0.0002708956570244
3060 0.0003121098626717
3061 0.0003282873925572
3062 0.0002244109160647
3063 0.0003843501450474
3064 0.0002408331830314
3065 0.0003121098626717
3066 0.0005037649924696
3067 0.0002409577156405
3068 0.0001556325995204
3069 0.0003791170844843
3070 0.0002350343994024
3071 0.0004074074703501
3072 0.0003540626771267
3073 0.0002502412853922
3074 0.0004963099001059
3075 0.0005934855142750
3076 0.0002742722612828
3077 0.0003121098626717
3078 0.0003121098626717
3079 0.0002512342758760
3080 0.0001676657058672
3081 0.0001657661161215
3082 0.0003112123573722
3083 0.0003121098626717
3084 0.0002067917043180
3085 0.0003121098626717
3086 0.0002223523376874
3087 0.0003121098626717
3088 0.0003121098626717
3089 0.0003121098626717
3090 0.0002026816478520
3091 0.0003121098626717
3092 0.0002430571052542
3093 0.0002254174911041
3094 0.0003121098626717
3095 0.0003390390221495
3096 0.0002378804505041
3097 0.0003009310211148
3098 0.0003102618004553
3099 0.0003121098626717
3100 0.0003161865491848
3101 0.0003121098626717
3102 0.0002509092964367
3103 0.0003221034663552
3104 0.0003634628875282
3105 0.0004419460125199
3106 0.0001904916794637
3107 0.0003121098626717
3108 0.0002185985817898
3109 0.0003262765148476
3110 0.0002747162879752
3111 0.0004959667534613
3112 0.0002820769139539
3113 0.0003270156445354
3114 0.0005976820583690
3115 0.0003396777640361
3116 0.0003121098626717
3117 0.0003121098626717
3118 0.0004474528439942
3119 0.0003121098626717
3120 0.0003786842833681
3121 0.0002604300725046
3122 0.0004111757880406
3123 0.0001748394192462
3124 0.0003121098626717
3125 0.0002377370872328
3126 0.0002024866317163
3127 0.0005660966728308
3128 0.0002449270304177
3129 0.0002033382513735
3130 0.0003636227245628
3131 0.0002420120304944
3132 0.0001898640781819
3133 0.0004080084001745
3134 0.0002238155864572
3135 0.0003121098626717
3136 0.0003121098626717
3137 0.0002482950623206
3138 0.0003121098626717
3139 0.0002023503541783
3140 0.0003121098626717
3141 0.0003406564685765
3142 0.0002074309713639
3143 0.0005173895376964
3144 0.0001881471429806
3145 0.0003121098626717
3146 0.0002200126522822
3147 0.0003667369234487
3148 0.0003121098626717
3149 0.0005128166794470
3150 0.0002733812146805
3151 0.0002250958322959
3152 0.0002425051347791
3153 0.0002878270402847
3154 0.0002658081625275
3155 0.0003649456510144
3156 0.0002018555617670
3157 0.0003213243391674
3158 0.0002822598192062
3159 0.0003121098626717
3160 0.0003121098626717
3161 0.0002231757290649
3162 0.0003390390221495
3163 0.0002733812146805
3164 0.0002512080282651
3165 0.0004239120665343
3166 0.0002822598192062
3167 0.0002976405348443
3168 0.0001970175788445
3169 0.0003036626827523
3170 0.0003121098626717
3171 0.0002505797197499
3172 0.0003121098626717
3173 0.0001787349778754
3174 0.0003121098626717
3175 0.0002377370872328
3176 0.0002245563867146
3177 0.0006503006134948
3178 0.0004071873851678
3179 0.0002023503541783
3180 0.0002023503541783
3181 0.0002497739900225
3182 0.0001908081463877
3183 0.0022142418216319
3184 0.0003257995478240
3185 0.0004217213597655
3186 0.0002010531429379
3187 0.0003047991836740
3188 0.0001878389125473
3189 0.0001950576463007
3190 0.0001895699548449
3191 0.0001948065618123
3192 0.0002368809963190
3193 0.0003121098626717
3194 0.0002495495549524
3195 0.0003121098626717
3196 0.0002231936796287
3197 0.0002136865287223
3198 0.0001771147371538
3199 0.0001771147371538
3200 0.0001771147371538
3201 0.0001771147371538
3202 0.0001771147371538
3203 0.0001771147371538
