1	1	
1	100	
1	123	
1	164	
1	205	
1	210	
1	214	
1	398	
1	642	
1	669	
1	1982	
2	2	
3	3	
4	4	
5	5	
6	6	
6	477	
7	7	
8	8	
9	9	
10	10	
11	11	
11	1781	
11	1988	
12	12	
13	13	
14	14	
14	381	
14	1159	
14	1988	
15	15	
15	75	
16	16	
16	39	
17	17	
17	83	
17	1134	
18	18	
19	19	
20	20	
21	21	
21	679	
22	22	
23	23	
24	24	
25	25	
26	26	
26	848	
27	27	
28	28	
29	29	
30	30	
31	31	
32	32	
33	33	
34	34	
35	35	
35	848	
36	36	
37	37	
38	38	
39	16	
39	39	
40	40	
41	41	
41	67	
42	42	
43	43	
43	205	
44	44	
44	77	
44	222	
44	364	
45	45	
45	728	
46	46	
46	168	
46	491	
47	47	
48	48	
49	49	
50	50	
51	51	
51	249	
52	52	
53	53	
53	214	
54	54	
54	93	
55	55	
55	405	
56	56	
57	57	
58	58	
58	215	
59	59	
60	60	
61	61	
62	62	
63	63	
64	64	
64	206	
64	207	
65	65	
66	66	
67	41	
67	67	
67	79	
68	68	
68	1205	
69	69	
70	70	
71	71	
72	72	
73	73	
74	74	
74	852	
74	864	
74	865	
74	1919	
75	15	
75	75	
75	94	
76	76	
77	44	
77	77	
77	364	
77	405	
77	438	
77	561	
77	1134	
77	1141	
78	78	
79	67	
79	79	
80	80	
81	81	
82	82	
82	222	
82	799	
83	17	
83	83	
83	1349	
84	84	
85	85	
85	1148	
86	86	
87	87	
87	88	
87	2333	
88	87	
88	88	
88	2333	
89	89	
90	90	
90	107	
91	91	
91	214	
91	1593	
92	92	
93	54	
93	93	
93	405	
94	75	
94	94	
95	95	
96	96	
97	97	
98	98	
98	224	
98	364	
99	99	
100	1	
100	100	
100	364	
101	101	
102	102	
103	103	
104	104	
105	105	
106	106	
106	210	
106	627	
106	1050	
106	1393	
106	1549	
106	2023	
106	3112	
107	90	
107	107	
107	1026	
107	1258	
107	1292	
107	1497	
108	108	
108	361	
109	109	
110	110	
111	111	
112	112	
113	113	
114	114	
115	115	
116	116	
117	117	
118	118	
119	119	
120	120	
120	175	
121	121	
121	221	
122	122	
122	297	
123	1	
123	123	
123	165	
123	196	
123	637	
123	1781	
124	124	
124	2133	
124	2134	
125	125	
125	1816	
126	126	
127	127	
128	128	
129	129	
130	130	
131	131	
132	132	
133	133	
134	134	
134	1909	
135	135	
136	136	
137	137	
138	138	
139	139	
140	140	
140	152	
140	196	
141	141	
142	142	
142	162	
142	163	
142	192	
142	362	
142	2952	
143	143	
144	144	
145	145	
145	1270	
145	1902	
146	146	
147	147	
148	148	
149	149	
150	150	
151	151	
152	140	
152	152	
152	454	
152	1319	
153	153	
153	754	
154	154	
155	155	
155	849	
155	944	
155	2846	
156	156	
157	157	
158	158	
159	159	
160	160	
161	161	
162	142	
162	162	
162	2952	
163	142	
163	163	
163	2952	
164	1	
164	164	
165	123	
165	165	
165	637	
166	166	
167	167	
168	46	
168	168	
168	491	
168	1713	
168	1901	
169	169	
170	170	
171	171	
172	172	
173	173	
174	174	
175	120	
175	175	
176	176	
177	177	
178	178	
178	1667	
179	179	
180	180	
181	181	
182	182	
183	183	
184	184	
185	185	
185	491	
185	1713	
185	1901	
186	186	
187	187	
188	188	
189	189	
190	190	
191	191	
192	142	
192	192	
192	2952	
193	193	
194	194	
195	195	
196	123	
196	140	
196	196	
196	249	
196	254	
196	272	
196	321	
196	435	
196	437	
196	463	
196	483	
196	491	
196	560	
196	583	
196	627	
196	631	
196	632	
196	642	
196	644	
196	653	
196	680	
196	761	
196	762	
196	763	
196	919	
196	989	
196	1102	
196	1109	
196	1140	
196	1188	
196	1306	
196	1464	
196	1491	
196	1767	
196	1781	
196	1787	
196	1949	
196	2059	
196	2126	
196	2732	
196	3073	
197	197	
198	198	
199	199	
200	200	
201	201	
202	202	
202	931	
203	203	
203	2690	
204	204	
204	3194	
205	1	
205	43	
205	205	
205	1358	
205	1565	
205	1781	
205	1788	
206	64	
206	206	
206	644	
207	64	
207	207	
207	644	
208	208	
208	378	
209	209	
209	378	
209	731	
209	798	
209	1050	
209	1102	
209	3008	
210	1	
210	106	
210	210	
210	378	
210	627	
210	1024	
210	1051	
210	1102	
210	1132	
210	1390	
210	1486	
210	1549	
210	1706	
210	1826	
210	1878	
210	2060	
210	2155	
210	2168	
210	2719	
210	2723	
210	2838	
210	2842	
210	2855	
210	2879	
210	3077	
210	3080	
210	3106	
211	211	
212	212	
213	213	
214	1	
214	53	
214	91	
214	214	
215	58	
215	215	
216	216	
217	217	
217	323	
217	689	
218	218	
219	219	
220	220	
221	121	
221	221	
222	44	
222	82	
222	222	
223	223	
224	98	
224	224	
224	267	
224	364	
224	405	
224	438	
224	763	
224	1139	
224	1141	
224	1215	
224	1223	
224	1647	
224	1781	
224	1787	
224	1792	
225	225	
226	226	
227	227	
228	228	
229	229	
230	230	
230	333	
231	231	
232	232	
232	852	
232	864	
233	233	
234	234	
235	235	
236	236	
236	1349	
237	237	
238	238	
238	633	
238	643	
239	239	
240	240	
241	241	
242	242	
243	243	
244	244	
245	245	
245	1222	
246	246	
247	247	
248	248	
249	51	
249	196	
249	249	
249	303	
249	438	
249	762	
249	1425	
249	1781	
250	250	
250	320	
250	753	
250	1237	
250	2220	
251	251	
252	252	
253	253	
254	196	
254	254	
254	321	
254	387	
254	794	
255	255	
256	256	
257	257	
258	258	
259	259	
260	260	
261	261	
262	262	
263	263	
264	264	
264	479	
265	265	
265	464	
265	720	
266	266	
267	224	
267	267	
267	1323	
268	268	
269	269	
270	270	
270	678	
271	271	
271	560	
271	972	
271	1774	
272	196	
272	272	
273	273	
273	972	
273	2911	
274	274	
274	488	
274	1754	
274	2358	
275	275	
276	276	
276	972	
276	1471	
277	277	
278	278	
279	279	
279	657	
280	280	
281	281	
282	282	
283	283	
284	284	
284	964	
284	1396	
285	285	
286	286	
287	287	
288	288	
288	729	
288	989	
288	1781	
289	289	
290	290	
291	291	
292	292	
293	293	
294	294	
295	295	
296	296	
296	1393	
297	122	
297	297	
298	298	
299	299	
299	479	
299	862	
299	863	
299	2146	
300	300	
300	638	
301	301	
302	302	
303	249	
303	303	
303	438	
303	3185	
304	304	
305	305	
306	306	
307	307	
307	2227	
307	2783	
307	3054	
308	308	
308	1175	
308	1919	
308	1969	
308	1997	
308	2191	
308	2388	
308	2679	
308	3054	
308	3121	
309	309	
309	864	
309	1919	
309	2191	
309	2388	
309	2783	
309	2784	
309	3054	
309	3121	
310	310	
310	1222	
311	311	
311	1524	
311	1931	
311	2214	
311	2544	
312	312	
313	313	
314	314	
315	315	
316	316	
316	1072	
316	1781	
317	317	
317	497	
317	867	
318	318	
319	319	
319	380	
320	250	
320	320	
320	1237	
321	196	
321	254	
321	321	
321	400	
321	401	
321	402	
321	1234	
322	322	
323	217	
323	323	
323	689	
323	1349	
324	324	
324	1352	
324	1982	
324	2040	
325	325	
326	326	
327	327	
327	1667	
328	328	
329	329	
329	634	
329	1087	
330	330	
331	331	
332	332	
332	911	
332	1271	
332	1785	
332	2543	
332	2552	
333	230	
333	333	
334	334	
335	335	
336	336	
337	337	
338	338	
339	339	
340	340	
340	1611	
341	341	
342	342	
343	343	
344	344	
345	345	
346	346	
347	347	
348	348	
349	349	
350	350	
351	351	
352	352	
353	353	
354	354	
355	355	
356	356	
357	357	
358	358	
359	359	
360	360	
360	1946	
361	108	
361	361	
362	142	
362	362	
363	363	
364	44	
364	77	
364	98	
364	100	
364	224	
364	364	
365	365	
366	366	
367	367	
367	441	
367	758	
367	1050	
367	1226	
368	368	
369	369	
370	370	
371	371	
372	372	
373	373	
374	374	
375	375	
376	376	
376	1754	
377	377	
377	1841	
377	2120	
378	208	
378	209	
378	210	
378	378	
378	1051	
378	1552	
378	1665	
378	1860	
378	2155	
379	379	
380	319	
380	380	
381	14	
381	381	
381	1781	
381	1988	
382	382	
383	383	
384	384	
385	385	
385	1234	
386	386	
386	1146	
387	254	
387	387	
388	388	
389	389	
390	390	
391	391	
392	392	
393	393	
393	561	
394	394	
395	395	
396	396	
396	931	
397	397	
397	929	
398	1	
398	398	
398	1781	
399	399	
399	556	
399	799	
399	1139	
399	1947	
400	321	
400	400	
400	1234	
401	321	
401	401	
402	321	
402	402	
402	1234	
403	403	
404	404	
404	464	
404	584	
404	631	
404	653	
404	680	
404	763	
404	795	
404	799	
404	945	
404	1046	
404	1105	
404	1139	
404	1140	
404	1234	
404	1263	
404	1265	
404	1496	
404	1781	
404	1824	
404	2126	
404	2546	
405	55	
405	77	
405	93	
405	224	
405	405	
405	436	
405	1223	
405	1388	
406	406	
406	1051	
406	1102	
406	1549	
407	407	
407	679	
407	1083	
407	1396	
408	408	
408	1134	
408	1179	
408	1861	
409	409	
409	657	
410	410	
410	669	
410	1781	
411	411	
412	412	
412	763	
413	413	
414	414	
415	415	
415	1349	
416	416	
416	1049	
417	417	
418	418	
419	419	
420	420	
421	421	
421	1804	
421	2987	
422	422	
423	423	
424	424	
425	425	
426	426	
427	427	
428	428	
429	429	
429	1352	
429	2048	
429	2074	
429	2093	
429	2550	
430	430	
431	431	
432	432	
433	433	
434	434	
435	196	
435	435	
435	615	
435	1053	
436	405	
436	436	
436	819	
436	1620	
437	196	
437	437	
437	1614	
437	2253	
437	2557	
438	77	
438	224	
438	249	
438	303	
438	438	
438	1139	
438	3185	
439	439	
440	440	
440	619	
440	2339	
441	367	
441	441	
441	758	
441	1723	
442	442	
443	443	
444	444	
445	445	
446	446	
447	447	
448	448	
449	449	
450	450	
450	2031	
451	451	
452	452	
453	453	
454	152	
454	454	
454	586	
454	806	
454	1177	
455	455	
456	456	
456	1190	
457	457	
458	458	
459	459	
460	460	
461	461	
462	462	
462	1325	
463	196	
463	463	
463	1306	
463	1781	
464	265	
464	404	
464	464	
464	720	
464	759	
464	1062	
464	1121	
464	1139	
464	1265	
464	1781	
465	465	
466	466	
467	467	
468	468	
469	469	
470	470	
471	471	
472	472	
472	2075	
473	473	
474	474	
474	720	
474	1053	
475	475	
475	1963	
476	476	
477	6	
477	477	
478	478	
479	264	
479	299	
479	479	
479	860	
479	862	
480	480	
481	481	
482	482	
483	196	
483	483	
483	762	
483	949	
483	1102	
483	1142	
483	1781	
483	1945	
484	484	
485	485	
485	1157	
486	486	
487	487	
488	274	
488	488	
489	489	
490	490	
491	46	
491	168	
491	185	
491	196	
491	491	
491	796	
491	3193	
492	492	
492	911	
492	1785	
492	2203	
492	2860	
493	493	
493	616	
493	1136	
494	494	
495	495	
496	496	
496	1047	
497	317	
497	497	
497	867	
498	498	
499	499	
500	500	
501	501	
501	2349	
502	502	
503	503	
504	504	
505	505	
506	506	
507	507	
507	2679	
508	508	
509	509	
510	510	
511	511	
511	1707	
512	512	
513	513	
514	514	
515	515	
516	516	
517	517	
518	518	
518	2082	
519	519	
520	520	
521	521	
521	2044	
521	2189	
521	2417	
521	2505	
521	2874	
521	2908	
522	522	
523	523	
524	524	
524	1804	
524	2987	
525	525	
526	526	
527	527	
528	528	
528	1330	
529	529	
530	530	
531	531	
532	532	
532	951	
532	1015	
532	1346	
532	1440	
532	1645	
533	533	
534	534	
535	535	
535	1806	
536	536	
537	537	
538	538	
539	539	
540	540	
541	541	
542	542	
543	543	
544	544	
545	545	
546	546	
547	547	
548	548	
549	549	
550	550	
551	551	
552	552	
553	553	
554	554	
555	555	
556	399	
556	556	
557	557	
557	1421	
557	3184	
558	558	
559	559	
560	196	
560	271	
560	560	
561	77	
561	393	
561	561	
561	964	
561	1028	
561	1216	
561	1392	
561	1396	
562	562	
563	563	
564	564	
565	565	
566	566	
567	567	
568	568	
569	569	
570	570	
570	1352	
571	571	
572	572	
573	573	
574	574	
575	575	
576	576	
576	1846	
576	2630	
576	2650	
577	577	
577	1836	
578	578	
579	579	
579	2690	
579	2853	
579	3115	
580	580	
581	581	
582	582	
583	196	
583	583	
584	404	
584	584	
584	949	
584	1781	
584	1945	
585	585	
586	454	
586	586	
587	587	
587	1040	
588	588	
589	589	
590	590	
591	591	
592	592	
593	593	
594	594	
595	595	
596	596	
597	597	
598	598	
599	599	
600	600	
600	1781	
601	601	
602	602	
603	603	
603	1084	
604	604	
605	605	
606	606	
607	607	
608	608	
609	609	
610	610	
611	611	
612	612	
612	3188	
613	613	
613	2349	
614	614	
615	435	
615	615	
615	849	
616	493	
616	616	
616	729	
616	1135	
616	1136	
616	2710	
616	2765	
616	2888	
616	2906	
617	617	
618	618	
619	440	
619	619	
619	1112	
619	1592	
619	2111	
619	2339	
620	620	
621	621	
621	1040	
621	1352	
621	2040	
622	622	
623	623	
624	624	
625	625	
626	626	
627	106	
627	196	
627	210	
627	627	
627	731	
627	793	
627	1050	
627	1549	
627	2723	
627	2882	
628	628	
629	629	
630	630	
631	196	
631	404	
631	631	
631	763	
631	1139	
631	1265	
631	1665	
632	196	
632	632	
633	238	
633	633	
633	643	
634	329	
634	634	
634	931	
634	1324	
635	635	
635	1151	
635	1265	
635	2769	
636	636	
636	1117	
637	123	
637	165	
637	637	
638	300	
638	638	
639	639	
640	640	
641	641	
642	1	
642	196	
642	642	
642	1173	
642	1188	
643	238	
643	633	
643	643	
644	196	
644	206	
644	207	
644	644	
644	1084	
645	645	
646	646	
647	647	
648	648	
649	649	
650	650	
651	651	
652	652	
652	1324	
653	196	
653	404	
653	653	
653	892	
653	1324	
654	654	
655	655	
655	1145	
656	656	
656	892	
656	1309	
657	279	
657	409	
657	657	
657	1136	
658	658	
659	659	
659	759	
660	660	
661	661	
662	662	
663	663	
664	664	
665	665	
666	666	
666	1916	
667	667	
668	668	
669	1	
669	410	
669	669	
669	1084	
669	1379	
669	1625	
669	1945	
669	3184	
670	670	
671	671	
672	672	
673	673	
674	674	
675	675	
676	676	
677	677	
677	861	
677	1638	
677	2176	
677	2272	
678	270	
678	678	
678	1030	
678	1886	
678	1939	
679	21	
679	407	
679	679	
679	3184	
680	196	
680	404	
680	680	
680	1225	
680	1350	
680	1646	
680	1781	
680	1945	
680	2650	
680	2698	
680	2708	
680	3093	
681	681	
682	682	
683	683	
684	684	
685	685	
686	686	
687	687	
688	688	
689	217	
689	323	
689	689	
689	3197	
690	690	
690	890	
690	929	
690	3195	
691	691	
691	823	
691	1781	
691	3184	
692	692	
693	693	
694	694	
695	695	
696	696	
697	697	
698	698	
698	1181	
699	699	
699	2633	
700	700	
701	701	
702	702	
703	703	
704	704	
705	705	
706	706	
707	707	
707	1583	
708	708	
709	709	
710	710	
711	711	
712	712	
713	713	
714	714	
714	1157	
714	1779	
714	1920	
714	1944	
714	1987	
714	2548	
715	715	
716	716	
716	2679	
717	717	
718	718	
718	1053	
719	719	
720	265	
720	464	
720	474	
720	720	
720	1053	
721	721	
721	2961	
722	722	
723	723	
724	724	
725	725	
726	726	
727	727	
728	45	
728	728	
728	920	
728	1330	
728	1348	
728	2315	
729	288	
729	616	
729	729	
729	1037	
729	1234	
729	1358	
729	1491	
730	730	
730	1083	
730	1396	
731	209	
731	627	
731	731	
731	1024	
731	1051	
731	1098	
731	1214	
731	1380	
731	1388	
731	1393	
731	1485	
731	1487	
731	1549	
731	1570	
731	1878	
731	1946	
731	1957	
731	2168	
731	2723	
731	2857	
731	3112	
732	732	
733	733	
734	734	
735	735	
736	736	
737	737	
738	738	
739	739	
740	740	
741	741	
742	742	
743	743	
744	744	
745	745	
746	746	
747	747	
747	2443	
748	748	
749	749	
750	750	
750	1963	
751	751	
752	752	
753	250	
753	753	
753	1237	
753	1549	
753	1564	
753	2453	
754	153	
754	754	
755	755	
755	2567	
756	756	
757	757	
757	1890	
758	367	
758	441	
758	758	
759	464	
759	659	
759	759	
759	964	
759	1121	
760	760	
761	196	
761	761	
761	947	
761	1379	
761	3184	
762	196	
762	249	
762	483	
762	762	
763	196	
763	224	
763	404	
763	412	
763	631	
763	763	
763	1215	
763	1781	
763	1787	
763	1945	
763	2603	
764	764	
765	765	
766	766	
767	767	
768	768	
769	769	
770	770	
771	771	
772	772	
773	773	
773	2061	
774	774	
774	2349	
775	775	
776	776	
776	3054	
777	777	
778	778	
778	1818	
779	779	
780	780	
781	781	
782	782	
783	783	
783	2679	
784	784	
785	785	
785	2269	
785	3115	
786	786	
786	1352	
786	2048	
786	2074	
787	787	
788	788	
789	789	
790	790	
791	791	
791	1084	
792	792	
793	627	
793	793	
793	1051	
794	254	
794	794	
794	1051	
794	1062	
795	404	
795	795	
795	931	
796	491	
796	796	
797	797	
797	1084	
798	209	
798	798	
799	82	
799	399	
799	404	
799	799	
799	945	
799	1323	
799	1358	
799	1380	
799	1665	
799	1781	
799	1787	
799	1989	
799	2112	
799	2534	
799	2541	
799	2698	
799	2733	
799	2820	
799	3073	
799	3155	
800	800	
800	1471	
800	1774	
801	801	
802	802	
803	803	
804	804	
805	805	
806	454	
806	806	
806	932	
807	807	
808	808	
809	809	
810	810	
811	811	
812	812	
813	813	
814	814	
815	815	
816	816	
817	817	
818	818	
819	436	
819	819	
819	1620	
820	820	
821	821	
822	822	
823	691	
823	823	
823	1945	
823	2126	
824	824	
825	825	
826	826	
826	942	
826	1118	
827	827	
828	828	
829	829	
829	2905	
830	830	
830	1179	
830	1288	
830	1544	
830	1646	
830	2111	
830	2534	
830	2556	
830	2650	
831	831	
831	1583	
832	832	
833	833	
834	834	
834	1352	
834	2048	
834	2074	
834	2093	
835	835	
836	836	
836	1157	
837	837	
838	838	
839	839	
840	840	
841	841	
842	842	
843	843	
844	844	
845	845	
846	846	
847	847	
848	26	
848	35	
848	848	
849	155	
849	615	
849	849	
849	1050	
849	1935	
849	1936	
849	2017	
849	2032	
849	2257	
849	2360	
849	2451	
849	2452	
850	850	
850	2017	
851	851	
851	858	
851	865	
851	2017	
852	74	
852	232	
852	852	
852	2017	
853	853	
853	2017	
854	854	
854	1956	
854	2017	
855	855	
855	2017	
856	856	
856	2017	
857	857	
857	2017	
858	851	
858	858	
858	2017	
859	859	
859	2017	
860	479	
860	860	
860	861	
860	2017	
861	677	
861	860	
861	861	
861	862	
861	1117	
861	2017	
861	2146	
862	299	
862	479	
862	861	
862	862	
862	1117	
862	2017	
862	2146	
863	299	
863	863	
863	2017	
863	2146	
864	74	
864	232	
864	309	
864	864	
864	1175	
864	1919	
864	2017	
864	2041	
864	2216	
865	74	
865	851	
865	865	
865	2017	
866	866	
866	2017	
867	317	
867	497	
867	867	
868	868	
868	1084	
869	869	
870	870	
871	871	
871	1800	
872	872	
872	1352	
872	2074	
872	2093	
873	873	
874	874	
875	875	
876	876	
877	877	
878	878	
878	1946	
879	879	
879	1524	
880	880	
881	881	
882	882	
883	883	
884	884	
885	885	
885	1040	
886	886	
887	887	
888	888	
888	2590	
889	889	
890	690	
890	890	
891	891	
892	653	
892	656	
892	892	
893	893	
893	3131	
894	894	
894	1111	
895	895	
896	896	
897	897	
898	898	
899	899	
900	900	
901	901	
902	902	
902	1946	
903	903	
904	904	
905	905	
906	906	
907	907	
907	3115	
908	908	
909	909	
909	1963	
910	910	
911	332	
911	492	
911	911	
911	1785	
911	2203	
911	2552	
912	912	
912	1014	
913	913	
914	914	
914	1945	
915	915	
915	1945	
916	916	
917	917	
917	1068	
917	1945	
918	918	
919	196	
919	919	
919	1781	
920	728	
920	920	
921	921	
922	922	
923	923	
924	924	
925	925	
926	926	
927	927	
928	928	
929	397	
929	690	
929	929	
930	930	
931	202	
931	396	
931	634	
931	795	
931	931	
931	2616	
932	806	
932	932	
933	933	
934	934	
935	935	
936	936	
937	937	
938	938	
939	939	
940	940	
940	1073	
940	1153	
941	941	
942	826	
942	942	
942	948	
942	1118	
943	943	
944	155	
944	944	
944	1234	
944	2451	
945	404	
945	799	
945	945	
946	946	
946	1949	
947	761	
947	947	
948	942	
948	948	
949	483	
949	584	
949	949	
949	3184	
950	950	
951	532	
951	951	
951	1346	
952	952	
953	953	
953	2870	
954	954	
955	955	
956	956	
957	957	
958	958	
959	959	
960	960	
961	961	
962	962	
962	1440	
962	1932	
962	2159	
963	963	
963	1653	
964	284	
964	561	
964	759	
964	964	
964	1334	
964	1396	
964	1444	
965	965	
966	966	
967	967	
967	1583	
968	968	
969	969	
969	2834	
970	970	
970	2042	
970	2222	
970	2356	
970	2679	
970	2844	
970	2972	
971	971	
972	271	
972	273	
972	276	
972	972	
973	973	
973	1278	
974	974	
975	975	
975	1251	
976	976	
977	977	
978	978	
979	979	
980	980	
981	981	
982	982	
982	1592	
983	983	
984	984	
984	1705	
984	1945	
984	2034	
985	985	
986	986	
986	1705	
987	987	
987	1613	
987	1646	
987	1900	
987	1955	
987	2025	
987	2154	
987	2365	
987	2506	
987	3060	
988	988	
988	1845	
988	1900	
988	2083	
988	2154	
988	2270	
988	2693	
989	196	
989	288	
989	989	
989	1263	
989	1453	
989	1945	
989	3184	
990	990	
990	1781	
990	1945	
990	2341	
991	991	
992	992	
993	993	
994	994	
995	995	
996	996	
996	2044	
997	997	
997	1711	
998	998	
999	999	
1000	1000	
1001	1001	
1001	1711	
1002	1002	
1003	1003	
1004	1004	
1005	1005	
1006	1006	
1006	1788	
1007	1007	
1007	1781	
1007	1788	
1008	1008	
1008	2052	
1009	1009	
1010	1010	
1011	1011	
1012	1012	
1012	1225	
1012	1350	
1012	1945	
1013	1013	
1013	1609	
1013	2052	
1014	912	
1014	1014	
1015	532	
1015	1015	
1016	1016	
1017	1017	
1018	1018	
1019	1019	
1020	1020	
1020	1705	
1021	1021	
1022	1022	
1022	2031	
1023	1023	
1023	1130	
1023	1909	
1023	2119	
1024	210	
1024	731	
1024	1024	
1025	1025	
1025	1215	
1025	1682	
1026	107	
1026	1026	
1026	1258	
1026	1292	
1026	1497	
1026	1975	
1026	2605	
1027	1027	
1028	561	
1028	1028	
1028	1029	
1028	1216	
1028	1278	
1028	1347	
1028	1396	
1029	1028	
1029	1029	
1029	1216	
1029	1278	
1029	1347	
1029	1396	
1029	1536	
1030	678	
1030	1030	
1030	1261	
1030	1939	
1031	1031	
1032	1032	
1033	1033	
1034	1034	
1035	1035	
1035	1305	
1036	1036	
1037	729	
1037	1037	
1038	1038	
1039	1039	
1040	587	
1040	621	
1040	885	
1040	1040	
1040	1352	
1040	2415	
1041	1041	
1042	1042	
1043	1043	
1044	1044	
1044	1332	
1045	1045	
1045	1404	
1046	404	
1046	1046	
1046	1781	
1047	496	
1047	1047	
1047	1707	
1048	1048	
1049	416	
1049	1049	
1050	106	
1050	209	
1050	367	
1050	627	
1050	849	
1050	1050	
1051	210	
1051	378	
1051	406	
1051	731	
1051	793	
1051	794	
1051	1051	
1051	1211	
1051	1549	
1051	1906	
1051	2902	
1052	1052	
1052	1328	
1052	1333	
1052	2144	
1053	435	
1053	474	
1053	718	
1053	720	
1053	1053	
1053	1649	
1054	1054	
1055	1055	
1056	1056	
1057	1057	
1058	1058	
1059	1059	
1059	2757	
1059	2844	
1060	1060	
1061	1061	
1062	464	
1062	794	
1062	1062	
1062	1211	
1062	2902	
1063	1063	
1064	1064	
1065	1065	
1066	1066	
1067	1067	
1068	917	
1068	1068	
1069	1069	
1069	1653	
1069	2989	
1070	1070	
1071	1071	
1071	3196	
1072	316	
1072	1072	
1072	1646	
1073	940	
1073	1073	
1073	1153	
1073	2276	
1074	1074	
1075	1075	
1076	1076	
1077	1077	
1078	1078	
1079	1079	
1080	1080	
1081	1081	
1081	1157	
1082	1082	
1083	407	
1083	730	
1083	1083	
1083	1396	
1083	1624	
1083	3192	
1083	3193	
1084	603	
1084	644	
1084	669	
1084	791	
1084	797	
1084	868	
1084	1084	
1084	1945	
1085	1085	
1086	1086	
1086	1137	
1086	1613	
1086	3184	
1087	329	
1087	1087	
1088	1088	
1088	1658	
1089	1089	
1090	1090	
1091	1091	
1092	1092	
1092	1352	
1092	2093	
1093	1093	
1093	1946	
1094	1094	
1095	1095	
1096	1096	
1097	1097	
1098	731	
1098	1098	
1098	1570	
1098	1945	
1098	2314	
1099	1099	
1099	1264	
1099	1740	
1100	1100	
1100	1107	
1100	1205	
1101	1101	
1102	196	
1102	209	
1102	210	
1102	406	
1102	483	
1102	1102	
1103	1103	
1104	1104	
1104	1205	
1105	404	
1105	1105	
1106	1106	
1107	1100	
1107	1107	
1107	1205	
1108	1108	
1109	196	
1109	1109	
1110	1110	
1111	894	
1111	1111	
1112	619	
1112	1112	
1112	1592	
1112	2111	
1112	2339	
1113	1113	
1114	1114	
1114	2346	
1114	2459	
1115	1115	
1115	1935	
1116	1116	
1116	1367	
1116	2772	
1116	2787	
1117	636	
1117	861	
1117	862	
1117	1117	
1118	826	
1118	942	
1118	1118	
1119	1119	
1120	1120	
1121	464	
1121	759	
1121	1121	
1122	1122	
1122	1551	
1122	1945	
1123	1123	
1124	1124	
1125	1125	
1126	1126	
1126	1583	
1127	1127	
1128	1128	
1128	1319	
1129	1129	
1130	1023	
1130	1130	
1130	1222	
1131	1131	
1131	1781	
1132	210	
1132	1132	
1132	1214	
1132	1396	
1132	3184	
1133	1133	
1134	17	
1134	77	
1134	408	
1134	1134	
1134	1613	
1134	1947	
1135	616	
1135	1135	
1135	1959	
1136	493	
1136	616	
1136	657	
1136	1136	
1137	1086	
1137	1137	
1137	1496	
1138	1138	
1138	1945	
1139	224	
1139	399	
1139	404	
1139	438	
1139	464	
1139	631	
1139	1139	
1139	1612	
1139	1781	
1139	1945	
1140	196	
1140	404	
1140	1140	
1140	1491	
1140	1781	
1140	2061	
1141	77	
1141	224	
1141	1141	
1141	1496	
1141	1683	
1141	1768	
1141	1787	
1141	1945	
1141	2061	
1142	483	
1142	1142	
1143	1143	
1144	1144	
1145	655	
1145	1145	
1145	1504	
1145	3040	
1146	386	
1146	1146	
1147	1147	
1147	1274	
1148	85	
1148	1148	
1148	3131	
1149	1149	
1149	1781	
1150	1150	
1151	635	
1151	1151	
1152	1152	
1152	1294	
1153	940	
1153	1073	
1153	1153	
1153	2137	
1153	2276	
1154	1154	
1155	1155	
1155	1324	
1155	1515	
1155	2096	
1155	2127	
1155	2210	
1156	1156	
1157	485	
1157	714	
1157	836	
1157	1081	
1157	1157	
1158	1158	
1158	1262	
1159	14	
1159	1159	
1160	1160	
1160	1231	
1161	1161	
1162	1162	
1162	1565	
1163	1163	
1164	1164	
1165	1165	
1166	1166	
1167	1167	
1168	1168	
1169	1169	
1170	1170	
1171	1171	
1172	1172	
1172	1354	
1172	2053	
1172	2220	
1172	2273	
1172	2453	
1172	2598	
1172	2726	
1172	2856	
1173	642	
1173	1173	
1173	1774	
1173	2343	
1174	1174	
1175	308	
1175	864	
1175	1175	
1175	1919	
1175	1969	
1175	2118	
1175	2348	
1175	2679	
1175	3054	
1176	1176	
1177	454	
1177	1177	
1177	1931	
1177	1946	
1178	1178	
1179	408	
1179	830	
1179	1179	
1179	1646	
1179	1647	
1180	1180	
1180	1395	
1180	1706	
1181	698	
1181	1181	
1182	1182	
1183	1183	
1184	1184	
1184	1389	
1184	1552	
1184	2162	
1184	2435	
1184	2596	
1184	2768	
1184	2845	
1184	2902	
1184	2955	
1185	1185	
1185	1531	
1185	2707	
1185	2753	
1186	1186	
1187	1187	
1188	196	
1188	642	
1188	1188	
1189	1189	
1189	1716	
1190	456	
1190	1190	
1190	1663	
1190	2195	
1190	2679	
1191	1191	
1191	1836	
1191	2340	
1192	1192	
1193	1193	
1194	1194	
1194	1681	
1194	1699	
1195	1195	
1196	1196	
1197	1197	
1197	1524	
1198	1198	
1198	1781	
1198	2150	
1198	2228	
1198	2256	
1198	2317	
1198	2342	
1198	2376	
1198	2618	
1198	3184	
1199	1199	
1200	1200	
1200	1945	
1201	1201	
1202	1202	
1203	1203	
1204	1204	
1205	68	
1205	1100	
1205	1104	
1205	1107	
1205	1205	
1205	1413	
1205	1654	
1205	1771	
1205	2478	
1206	1206	
1207	1207	
1207	1329	
1208	1208	
1208	1329	
1208	1409	
1209	1209	
1210	1210	
1211	1051	
1211	1062	
1211	1211	
1211	2902	
1212	1212	
1213	1213	
1214	731	
1214	1132	
1214	1214	
1214	1396	
1215	224	
1215	763	
1215	1025	
1215	1215	
1215	1498	
1215	1781	
1215	1787	
1216	561	
1216	1028	
1216	1029	
1216	1216	
1217	1217	
1218	1218	
1218	2103	
1219	1219	
1219	2104	
1219	2489	
1220	1220	
1221	1221	
1222	245	
1222	310	
1222	1130	
1222	1222	
1223	224	
1223	405	
1223	1223	
1223	1781	
1223	1807	
1223	1945	
1223	1947	
1224	1224	
1224	1533	
1224	1604	
1225	680	
1225	1012	
1225	1225	
1225	1350	
1225	1659	
1225	1856	
1225	2050	
1226	367	
1226	1226	
1227	1227	
1228	1228	
1228	2042	
1228	2679	
1229	1229	
1230	1230	
1231	1160	
1231	1231	
1231	2034	
1232	1232	
1233	1233	
1234	321	
1234	385	
1234	400	
1234	402	
1234	404	
1234	729	
1234	944	
1234	1234	
1234	3184	
1235	1235	
1236	1236	
1236	1457	
1237	250	
1237	320	
1237	753	
1237	1237	
1237	1354	
1237	1488	
1237	1994	
1237	2053	
1237	2220	
1237	2273	
1238	1238	
1239	1239	
1240	1240	
1241	1241	
1241	1352	
1241	1356	
1241	1883	
1241	2040	
1242	1242	
1242	1667	
1243	1243	
1244	1244	
1245	1245	
1246	1246	
1247	1247	
1247	1336	
1247	1397	
1247	2704	
1248	1248	
1248	1625	
1248	1807	
1248	1947	
1249	1249	
1250	1250	
1251	975	
1251	1251	
1252	1252	
1253	1253	
1254	1254	
1255	1255	
1256	1256	
1257	1257	
1257	1738	
1258	107	
1258	1026	
1258	1258	
1259	1259	
1260	1260	
1261	1030	
1261	1261	
1262	1158	
1262	1262	
1263	404	
1263	989	
1263	1263	
1263	1379	
1263	3184	
1264	1099	
1264	1264	
1265	404	
1265	464	
1265	631	
1265	635	
1265	1265	
1265	1350	
1265	1399	
1265	1659	
1265	1768	
1265	1781	
1265	1945	
1265	2110	
1265	3094	
1265	3184	
1266	1266	
1267	1267	
1268	1268	
1268	1858	
1269	1269	
1270	145	
1270	1270	
1270	1413	
1270	1902	
1270	3184	
1271	332	
1271	1271	
1271	1976	
1272	1272	
1273	1273	
1273	1352	
1273	1982	
1273	2040	
1274	1147	
1274	1274	
1275	1275	
1276	1276	
1277	1277	
1278	973	
1278	1028	
1278	1029	
1278	1278	
1278	1347	
1278	1396	
1279	1279	
1280	1280	
1280	1364	
1281	1281	
1282	1282	
1283	1283	
1284	1284	
1284	1909	
1285	1285	
1286	1286	
1287	1287	
1288	830	
1288	1288	
1289	1289	
1290	1290	
1291	1291	
1292	107	
1292	1026	
1292	1292	
1292	1497	
1292	1593	
1292	1975	
1293	1293	
1293	1674	
1293	1691	
1294	1152	
1294	1294	
1295	1295	
1295	1611	
1296	1296	
1297	1297	
1298	1298	
1298	2093	
1299	1299	
1300	1300	
1301	1301	
1302	1302	
1303	1303	
1303	1469	
1303	1486	
1303	1491	
1303	1781	
1303	2178	
1303	2326	
1303	2470	
1303	2684	
1303	3044	
1304	1304	
1304	1550	
1305	1035	
1305	1305	
1306	196	
1306	463	
1306	1306	
1307	1307	
1307	1978	
1308	1308	
1309	656	
1309	1309	
1310	1310	
1311	1311	
1312	1312	
1312	3121	
1313	1313	
1313	3099	
1313	3138	
1314	1314	
1314	2033	
1315	1315	
1316	1316	
1316	1909	
1317	1317	
1318	1318	
1319	152	
1319	1128	
1319	1319	
1320	1320	
1321	1321	
1321	1705	
1322	1322	
1322	1690	
1323	267	
1323	799	
1323	1323	
1323	1781	
1323	2178	
1323	2326	
1323	2684	
1323	3184	
1324	634	
1324	652	
1324	653	
1324	1155	
1324	1324	
1324	1456	
1324	1468	
1324	1515	
1324	1699	
1324	1856	
1324	2127	
1325	462	
1325	1325	
1326	1326	
1326	1630	
1326	2547	
1326	2987	
1326	3165	
1327	1327	
1327	1354	
1327	1488	
1327	2053	
1327	2220	
1327	2273	
1327	2726	
1327	2856	
1328	1052	
1328	1328	
1328	2282	
1328	2860	
1328	3083	
1329	1207	
1329	1208	
1329	1329	
1329	3053	
1330	528	
1330	728	
1330	1330	
1331	1331	
1332	1044	
1332	1332	
1333	1052	
1333	1333	
1334	964	
1334	1334	
1334	1396	
1335	1335	
1336	1247	
1336	1336	
1336	1945	
1337	1337	
1337	2423	
1338	1338	
1338	2150	
1338	2228	
1338	2256	
1338	2342	
1338	2618	
1339	1339	
1340	1340	
1341	1341	
1342	1342	
1343	1343	
1344	1344	
1345	1345	
1345	1543	
1345	1664	
1346	532	
1346	951	
1346	1346	
1347	1028	
1347	1029	
1347	1278	
1347	1347	
1348	728	
1348	1348	
1348	2315	
1349	83	
1349	236	
1349	323	
1349	415	
1349	1349	
1349	1862	
1350	680	
1350	1012	
1350	1225	
1350	1265	
1350	1350	
1350	1399	
1350	1659	
1351	1351	
1352	324	
1352	429	
1352	570	
1352	621	
1352	786	
1352	834	
1352	872	
1352	1040	
1352	1092	
1352	1241	
1352	1273	
1352	1352	
1352	2040	
1353	1353	
1353	2589	
1354	1172	
1354	1237	
1354	1327	
1354	1354	
1354	1684	
1354	2053	
1354	2220	
1354	2273	
1354	2453	
1354	2726	
1354	2856	
1354	3113	
1355	1355	
1355	1419	
1356	1241	
1356	1356	
1356	2040	
1357	1357	
1358	205	
1358	729	
1358	799	
1358	1358	
1358	1460	
1358	1541	
1358	1565	
1358	1781	
1358	1824	
1358	2252	
1358	3184	
1359	1359	
1360	1360	
1361	1361	
1362	1362	
1363	1363	
1364	1280	
1364	1364	
1365	1365	
1365	1396	
1365	2229	
1366	1366	
1366	1503	
1366	1781	
1366	1860	
1366	2091	
1367	1116	
1367	1367	
1368	1368	
1369	1369	
1369	1961	
1370	1370	
1370	1813	
1371	1371	
1372	1372	
1372	2190	
1373	1373	
1374	1374	
1375	1375	
1376	1376	
1377	1377	
1378	1378	
1379	669	
1379	761	
1379	1263	
1379	1379	
1379	1477	
1379	2167	
1379	2956	
1379	3184	
1380	731	
1380	799	
1380	1380	
1380	1421	
1380	1541	
1380	1846	
1380	2060	
1380	2218	
1380	3112	
1380	3184	
1381	1381	
1382	1382	
1383	1383	
1383	2665	
1384	1384	
1385	1385	
1386	1386	
1386	1396	
1387	1387	
1387	1396	
1387	1946	
1388	405	
1388	731	
1388	1388	
1388	1396	
1389	1184	
1389	1389	
1389	1860	
1389	1957	
1389	2155	
1389	2162	
1390	210	
1390	1390	
1391	1391	
1391	1948	
1392	561	
1392	1392	
1392	1396	
1392	2167	
1393	106	
1393	296	
1393	731	
1393	1393	
1393	1396	
1393	1946	
1393	2167	
1393	2857	
1394	1394	
1394	1396	
1395	1180	
1395	1395	
1395	1396	
1396	284	
1396	407	
1396	561	
1396	730	
1396	964	
1396	1028	
1396	1029	
1396	1083	
1396	1132	
1396	1214	
1396	1278	
1396	1334	
1396	1365	
1396	1386	
1396	1387	
1396	1388	
1396	1392	
1396	1393	
1396	1394	
1396	1395	
1396	1396	
1396	1397	
1396	1496	
1396	1945	
1396	3199	
1396	3200	
1396	3201	
1396	3202	
1396	3203	
1396	3204	
1397	1247	
1397	1396	
1397	1397	
1398	1398	
1399	1265	
1399	1350	
1399	1399	
1400	1400	
1400	1487	
1401	1401	
1401	1766	
1402	1402	
1403	1403	
1404	1045	
1404	1404	
1405	1405	
1406	1406	
1407	1407	
1408	1408	
1408	2319	
1409	1208	
1409	1409	
1410	1410	
1410	1604	
1410	1951	
1410	2373	
1411	1411	
1411	1619	
1411	3166	
1412	1412	
1413	1205	
1413	1270	
1413	1413	
1414	1414	
1415	1415	
1416	1416	
1417	1417	
1417	1653	
1417	2387	
1417	2852	
1418	1418	
1418	2350	
1418	2354	
1418	2355	
1419	1355	
1419	1419	
1419	2619	
1420	1420	
1420	1691	
1421	557	
1421	1380	
1421	1421	
1421	1552	
1421	1693	
1421	1781	
1421	1854	
1421	1860	
1421	2060	
1422	1422	
1423	1423	
1424	1424	
1424	1846	
1425	249	
1425	1425	
1425	2709	
1425	2802	
1425	3004	
1426	1426	
1427	1427	
1428	1428	
1429	1429	
1429	2619	
1429	2772	
1429	2787	
1430	1430	
1431	1431	
1432	1432	
1433	1433	
1434	1434	
1434	1540	
1434	2209	
1435	1435	
1435	1517	
1436	1436	
1437	1437	
1438	1438	
1439	1439	
1440	532	
1440	962	
1440	1440	
1440	1566	
1441	1441	
1442	1442	
1443	1443	
1444	964	
1444	1444	
1445	1445	
1446	1446	
1447	1447	
1448	1448	
1449	1449	
1449	2129	
1450	1450	
1451	1451	
1452	1452	
1452	1633	
1453	989	
1453	1453	
1453	1613	
1453	3184	
1454	1454	
1455	1455	
1455	1530	
1455	1531	
1455	1565	
1455	1703	
1455	1945	
1455	2036	
1456	1324	
1456	1456	
1457	1236	
1457	1457	
1458	1458	
1458	1471	
1459	1459	
1460	1358	
1460	1460	
1460	1781	
1461	1461	
1462	1462	
1462	1781	
1463	1463	
1463	1781	
1464	196	
1464	1464	
1464	3184	
1465	1465	
1466	1466	
1466	2341	
1467	1467	
1467	1767	
1467	1781	
1468	1324	
1468	1468	
1468	1767	
1468	1781	
1468	2341	
1469	1303	
1469	1469	
1469	2060	
1469	2294	
1469	2470	
1469	3124	
1470	1470	
1471	276	
1471	800	
1471	1458	
1471	1471	
1471	1523	
1471	1603	
1471	1698	
1471	1747	
1471	1748	
1471	1854	
1471	1877	
1471	1960	
1471	2377	
1471	2378	
1471	2497	
1471	2558	
1471	2625	
1471	2632	
1471	2840	
1471	2941	
1471	3105	
1471	3144	
1472	1472	
1472	1550	
1473	1473	
1474	1474	
1474	2525	
1475	1475	
1476	1476	
1477	1379	
1477	1477	
1477	1693	
1477	1781	
1477	1836	
1477	1945	
1477	2015	
1477	2060	
1477	2061	
1477	2091	
1477	2179	
1477	2546	
1477	2698	
1477	2708	
1477	3045	
1478	1478	
1478	2694	
1479	1479	
1480	1480	
1480	1639	
1481	1481	
1482	1482	
1483	1483	
1484	1484	
1484	1846	
1484	3184	
1485	731	
1485	1485	
1486	210	
1486	1303	
1486	1486	
1487	731	
1487	1400	
1487	1487	
1487	1553	
1487	1945	
1487	2127	
1487	2396	
1487	2730	
1488	1237	
1488	1327	
1488	1488	
1488	1548	
1488	2726	
1489	1489	
1489	1548	
1489	2220	
1489	2726	
1490	1490	
1491	196	
1491	729	
1491	1140	
1491	1303	
1491	1491	
1491	1542	
1491	1683	
1491	1693	
1491	1781	
1491	1787	
1491	1836	
1491	1945	
1491	2060	
1491	2061	
1491	2082	
1491	2091	
1491	2152	
1491	2179	
1491	2340	
1491	2356	
1491	2546	
1491	2603	
1491	2698	
1491	2708	
1491	2824	
1491	2982	
1491	2986	
1491	3045	
1491	3093	
1491	3184	
1492	1492	
1493	1493	
1494	1494	
1494	1495	
1495	1494	
1495	1495	
1496	404	
1496	1137	
1496	1141	
1496	1396	
1496	1496	
1496	1767	
1496	1781	
1496	1787	
1496	1860	
1496	1945	
1496	1988	
1496	2252	
1497	107	
1497	1026	
1497	1292	
1497	1497	
1497	1593	
1497	1975	
1498	1215	
1498	1498	
1498	3184	
1499	1499	
1500	1500	
1501	1501	
1502	1502	
1502	2299	
1502	2501	
1502	2629	
1502	2915	
1502	3114	
1503	1366	
1503	1503	
1504	1145	
1504	1504	
1504	1847	
1504	1961	
1504	2052	
1505	1505	
1506	1506	
1507	1507	
1507	1712	
1508	1508	
1509	1509	
1510	1510	
1511	1511	
1511	1820	
1512	1512	
1513	1513	
1514	1514	
1515	1155	
1515	1324	
1515	1515	
1515	2046	
1515	2710	
1516	1516	
1517	1435	
1517	1517	
1518	1518	
1518	1805	
1518	1912	
1519	1519	
1520	1520	
1521	1521	
1521	2354	
1521	2355	
1522	1522	
1523	1471	
1523	1523	
1523	1657	
1523	2080	
1523	2357	
1523	2536	
1524	311	
1524	879	
1524	1197	
1524	1524	
1524	2544	
1525	1525	
1525	1668	
1525	1669	
1525	1679	
1525	1728	
1525	2859	
1526	1526	
1526	1892	
1526	2068	
1526	2741	
1527	1527	
1527	2092	
1527	2127	
1528	1528	
1528	1697	
1529	1529	
1530	1455	
1530	1530	
1530	1565	
1531	1185	
1531	1455	
1531	1531	
1531	1781	
1532	1532	
1533	1224	
1533	1533	
1533	1604	
1533	1916	
1534	1534	
1535	1535	
1535	1781	
1535	2579	
1536	1029	
1536	1536	
1537	1537	
1537	2120	
1537	2927	
1538	1538	
1538	2927	
1539	1539	
1539	1841	
1539	1967	
1539	2120	
1539	2927	
1540	1434	
1540	1540	
1540	2052	
1540	2209	
1541	1358	
1541	1380	
1541	1541	
1542	1491	
1542	1542	
1542	2202	
1542	2527	
1542	3198	
1543	1345	
1543	1543	
1543	1616	
1543	1664	
1544	830	
1544	1544	
1544	2054	
1545	1545	
1546	1546	
1547	1547	
1547	2224	
1548	1488	
1548	1489	
1548	1548	
1548	2220	
1548	2492	
1548	2518	
1548	2598	
1548	2616	
1548	2726	
1549	106	
1549	210	
1549	406	
1549	627	
1549	731	
1549	753	
1549	1051	
1549	1549	
1549	1869	
1549	2513	
1549	2665	
1549	2723	
1549	2855	
1549	3106	
1550	1304	
1550	1472	
1550	1550	
1550	1908	
1551	1122	
1551	1551	
1551	1807	
1551	1934	
1551	2175	
1552	378	
1552	1184	
1552	1421	
1552	1552	
1552	2704	
1552	2902	
1553	1487	
1553	1553	
1553	1856	
1554	1554	
1554	2211	
1555	1555	
1556	1556	
1557	1557	
1558	1558	
1558	2044	
1559	1559	
1559	1567	
1559	1948	
1560	1560	
1561	1561	
1561	1987	
1562	1562	
1563	1563	
1564	753	
1564	1564	
1564	1684	
1565	205	
1565	1162	
1565	1358	
1565	1455	
1565	1530	
1565	1565	
1565	1781	
1565	1852	
1565	2034	
1566	1440	
1566	1566	
1566	1932	
1566	2094	
1567	1559	
1567	1567	
1568	1568	
1569	1569	
1570	731	
1570	1098	
1570	1570	
1570	1869	
1571	1571	
1572	1572	
1572	1805	
1572	1846	
1572	1892	
1572	2188	
1572	2218	
1572	2317	
1573	1573	
1573	2093	
1573	2550	
1574	1574	
1575	1575	
1576	1576	
1577	1577	
1578	1578	
1579	1579	
1580	1580	
1580	2334	
1581	1581	
1581	1987	
1581	2427	
1582	1582	
1583	707	
1583	831	
1583	967	
1583	1126	
1583	1583	
1584	1584	
1585	1585	
1585	1714	
1586	1586	
1587	1587	
1588	1588	
1589	1589	
1589	1978	
1590	1590	
1591	1591	
1591	1680	
1592	619	
1592	982	
1592	1112	
1592	1592	
1592	2111	
1592	2339	
1593	91	
1593	1292	
1593	1497	
1593	1593	
1594	1594	
1594	2087	
1594	2189	
1594	3188	
1595	1595	
1596	1596	
1597	1597	
1597	2354	
1597	2355	
1598	1598	
1599	1599	
1600	1600	
1600	2057	
1600	2058	
1600	2392	
1600	2416	
1601	1601	
1601	1781	
1602	1602	
1602	1781	
1603	1471	
1603	1603	
1604	1224	
1604	1410	
1604	1533	
1604	1604	
1604	1951	
1604	2667	
1604	2668	
1605	1605	
1605	1792	
1605	1908	
1606	1606	
1606	2467	
1606	2793	
1607	1607	
1608	1608	
1609	1013	
1609	1609	
1610	1610	
1611	340	
1611	1295	
1611	1611	
1612	1139	
1612	1612	
1613	987	
1613	1086	
1613	1134	
1613	1453	
1613	1613	
1613	1781	
1613	2175	
1613	3184	
1614	437	
1614	1614	
1614	1693	
1614	1781	
1614	1824	
1614	1861	
1614	2126	
1614	3184	
1615	1615	
1616	1543	
1616	1616	
1616	1664	
1617	1617	
1618	1618	
1619	1411	
1619	1619	
1620	436	
1620	819	
1620	1620	
1621	1621	
1622	1622	
1623	1623	
1624	1083	
1624	1624	
1625	669	
1625	1248	
1625	1625	
1626	1626	
1626	1641	
1626	1708	
1626	1781	
1626	1826	
1626	1860	
1626	2156	
1626	2168	
1626	2249	
1626	2314	
1626	2719	
1626	2736	
1626	2833	
1627	1627	
1628	1628	
1628	1770	
1629	1629	
1630	1326	
1630	1630	
1630	2987	
1631	1631	
1631	1691	
1632	1632	
1633	1452	
1633	1633	
1634	1634	
1634	1783	
1634	1843	
1635	1635	
1636	1636	
1636	2427	
1637	1637	
1638	677	
1638	1638	
1638	1867	
1638	2272	
1639	1480	
1639	1639	
1639	2101	
1639	2102	
1640	1640	
1641	1626	
1641	1641	
1641	1708	
1641	1781	
1641	1860	
1641	2299	
1642	1642	
1643	1643	
1644	1644	
1645	532	
1645	1645	
1646	680	
1646	830	
1646	987	
1646	1072	
1646	1179	
1646	1646	
1646	1647	
1646	2887	
1647	224	
1647	1179	
1647	1646	
1647	1647	
1647	1728	
1648	1648	
1648	1663	
1648	2349	
1649	1053	
1649	1649	
1650	1650	
1651	1651	
1652	1652	
1653	963	
1653	1069	
1653	1417	
1653	1653	
1653	2151	
1653	2318	
1654	1205	
1654	1654	
1654	1720	
1654	1771	
1655	1655	
1656	1656	
1657	1523	
1657	1657	
1658	1088	
1658	1658	
1658	2226	
1659	1225	
1659	1265	
1659	1350	
1659	1659	
1659	1671	
1659	1697	
1659	1927	
1659	3003	
1660	1660	
1661	1661	
1662	1662	
1662	1968	
1662	2099	
1662	2335	
1663	1190	
1663	1648	
1663	1663	
1663	2123	
1664	1345	
1664	1543	
1664	1616	
1664	1664	
1665	378	
1665	631	
1665	799	
1665	1665	
1665	1781	
1665	2746	
1666	1666	
1666	2226	
1667	178	
1667	327	
1667	1242	
1667	1667	
1668	1525	
1668	1668	
1668	1669	
1669	1525	
1669	1668	
1669	1669	
1670	1670	
1671	1659	
1671	1671	
1672	1672	
1672	1784	
1673	1673	
1674	1293	
1674	1674	
1674	1794	
1674	1870	
1674	2122	
1675	1675	
1676	1676	
1676	1785	
1676	2859	
1677	1677	
1677	2064	
1678	1678	
1678	3003	
1679	1525	
1679	1679	
1679	2354	
1680	1591	
1680	1680	
1681	1194	
1681	1681	
1681	1699	
1682	1025	
1682	1682	
1682	1785	
1682	2874	
1683	1141	
1683	1491	
1683	1683	
1683	2221	
1683	2340	
1683	2824	
1683	2986	
1684	1354	
1684	1564	
1684	1684	
1684	2053	
1684	2517	
1684	2518	
1684	2616	
1684	3034	
1685	1685	
1685	3059	
1686	1686	
1686	2004	
1687	1687	
1688	1688	
1689	1689	
1690	1322	
1690	1690	
1691	1293	
1691	1420	
1691	1631	
1691	1691	
1691	2115	
1691	2122	
1692	1692	
1693	1421	
1693	1477	
1693	1491	
1693	1614	
1693	1693	
1693	2126	
1693	2317	
1694	1694	
1695	1695	
1696	1696	
1697	1528	
1697	1659	
1697	1697	
1698	1471	
1698	1698	
1699	1194	
1699	1324	
1699	1681	
1699	1699	
1700	1700	
1701	1701	
1702	1702	
1703	1455	
1703	1703	
1704	1704	
1705	984	
1705	986	
1705	1020	
1705	1321	
1705	1705	
1706	210	
1706	1180	
1706	1706	
1707	511	
1707	1047	
1707	1707	
1707	1876	
1707	2099	
1708	1626	
1708	1641	
1708	1708	
1708	2249	
1709	1709	
1710	1710	
1710	1853	
1710	2003	
1711	997	
1711	1001	
1711	1711	
1712	1507	
1712	1712	
1712	3164	
1713	168	
1713	185	
1713	1713	
1713	3072	
1714	1585	
1714	1714	
1715	1715	
1715	1815	
1716	1189	
1716	1716	
1716	2349	
1716	2565	
1717	1717	
1718	1718	
1718	1965	
1718	2200	
1719	1719	
1719	2319	
1720	1654	
1720	1720	
1720	1771	
1720	2163	
1721	1721	
1722	1722	
1723	441	
1723	1723	
1723	2515	
1724	1724	
1725	1725	
1726	1726	
1726	2370	
1727	1727	
1728	1525	
1728	1647	
1728	1728	
1728	1785	
1728	1892	
1728	1924	
1728	2095	
1728	2218	
1728	2297	
1728	2374	
1728	2526	
1728	2667	
1728	2668	
1728	2862	
1728	2863	
1729	1729	
1729	2784	
1730	1730	
1731	1731	
1732	1732	
1733	1733	
1734	1734	
1734	2143	
1735	1735	
1735	2020	
1736	1736	
1737	1737	
1738	1257	
1738	1738	
1739	1739	
1739	2545	
1739	2746	
1740	1099	
1740	1740	
1740	2279	
1741	1741	
1741	1891	
1741	2211	
1741	2421	
1741	2674	
1741	2687	
1742	1742	
1743	1743	
1743	1907	
1744	1744	
1744	1905	
1745	1745	
1746	1746	
1746	1753	
1746	2358	
1746	2372	
1746	2377	
1746	2626	
1746	2840	
1747	1471	
1747	1747	
1747	2151	
1748	1471	
1748	1748	
1748	1805	
1748	1828	
1748	1854	
1748	2187	
1749	1749	
1749	1828	
1749	1854	
1749	1877	
1749	1960	
1749	2150	
1749	2317	
1749	2319	
1749	2342	
1749	2376	
1749	2377	
1749	2379	
1749	2424	
1749	2482	
1749	2618	
1749	2632	
1749	2704	
1749	2723	
1749	2738	
1749	2740	
1749	2741	
1749	2867	
1749	3184	
1750	1750	
1750	2988	
1751	1751	
1751	1752	
1751	1892	
1751	1901	
1751	2085	
1751	2095	
1751	2218	
1751	2277	
1751	2319	
1751	2329	
1751	2358	
1751	2373	
1751	2380	
1751	2434	
1751	2499	
1751	2501	
1751	2582	
1751	2669	
1751	2828	
1751	2863	
1751	2881	
1751	2928	
1751	2996	
1751	3006	
1751	3067	
1752	1751	
1752	1752	
1752	1892	
1752	2128	
1752	2218	
1753	1746	
1753	1753	
1753	2317	
1753	2358	
1753	2625	
1754	274	
1754	376	
1754	1754	
1754	1879	
1754	1884	
1754	1901	
1754	2095	
1754	2277	
1754	2297	
1754	2365	
1755	1755	
1756	1756	
1757	1757	
1758	1758	
1759	1759	
1760	1760	
1760	1838	
1761	1761	
1761	2668	
1762	1762	
1763	1763	
1764	1764	
1765	1765	
1766	1401	
1766	1766	
1767	196	
1767	1467	
1767	1468	
1767	1496	
1767	1767	
1767	2002	
1767	2003	
1767	2152	
1768	1141	
1768	1265	
1768	1768	
1768	1781	
1769	1769	
1770	1628	
1770	1770	
1771	1205	
1771	1654	
1771	1720	
1771	1771	
1771	1927	
1771	2147	
1771	2163	
1771	2345	
1771	2478	
1771	2594	
1771	2852	
1771	2899	
1771	3130	
1772	1772	
1773	1773	
1774	271	
1774	800	
1774	1173	
1774	1774	
1774	2343	
1775	1775	
1776	1776	
1777	1777	
1777	1814	
1778	1778	
1778	1920	
1779	714	
1779	1779	
1779	1944	
1779	1987	
1780	1780	
1781	11	
1781	123	
1781	196	
1781	205	
1781	224	
1781	249	
1781	288	
1781	316	
1781	381	
1781	398	
1781	404	
1781	410	
1781	463	
1781	464	
1781	483	
1781	584	
1781	600	
1781	680	
1781	691	
1781	763	
1781	799	
1781	919	
1781	990	
1781	1007	
1781	1046	
1781	1131	
1781	1139	
1781	1140	
1781	1149	
1781	1198	
1781	1215	
1781	1223	
1781	1265	
1781	1303	
1781	1323	
1781	1358	
1781	1366	
1781	1421	
1781	1460	
1781	1462	
1781	1463	
1781	1467	
1781	1468	
1781	1477	
1781	1491	
1781	1496	
1781	1531	
1781	1535	
1781	1565	
1781	1601	
1781	1602	
1781	1613	
1781	1614	
1781	1626	
1781	1641	
1781	1665	
1781	1768	
1781	1781	
1781	1787	
1781	1788	
1781	1824	
1781	1825	
1781	1836	
1781	1861	
1781	2015	
1781	2110	
1781	2127	
1781	2187	
1781	2317	
1781	2545	
1781	2698	
1781	2733	
1781	3184	
1781	3188	
1782	1782	
1783	1634	
1783	1783	
1783	1843	
1784	1672	
1784	1784	
1785	332	
1785	492	
1785	911	
1785	1676	
1785	1682	
1785	1728	
1785	1785	
1785	1860	
1785	1973	
1785	2018	
1785	2032	
1785	2033	
1785	2107	
1785	2109	
1785	2203	
1785	2251	
1785	2359	
1785	2524	
1785	2543	
1785	2552	
1785	2559	
1785	2991	
1785	3053	
1786	1786	
1786	1860	
1786	1973	
1786	1992	
1786	2018	
1786	2033	
1786	2107	
1786	2109	
1786	2203	
1786	2251	
1786	2543	
1786	2573	
1786	2770	
1787	196	
1787	224	
1787	763	
1787	799	
1787	1141	
1787	1215	
1787	1491	
1787	1496	
1787	1781	
1787	1787	
1787	2534	
1787	2708	
1788	205	
1788	1006	
1788	1007	
1788	1781	
1788	1788	
1788	3189	
1789	1789	
1790	1790	
1791	1791	
1792	224	
1792	1605	
1792	1792	
1792	3091	
1793	1793	
1793	2333	
1794	1674	
1794	1794	
1794	2349	
1795	1795	
1796	1796	
1797	1797	
1798	1798	
1799	1799	
1800	871	
1800	1800	
1800	2222	
1801	1801	
1801	1802	
1802	1801	
1802	1802	
1803	1803	
1803	1806	
1804	421	
1804	524	
1804	1804	
1805	1518	
1805	1572	
1805	1748	
1805	1805	
1805	3070	
1806	535	
1806	1803	
1806	1806	
1807	1223	
1807	1248	
1807	1551	
1807	1807	
1807	1947	
1807	2579	
1807	2923	
1808	1808	
1809	1809	
1810	1810	
1810	2218	
1810	2373	
1811	1811	
1812	1812	
1813	1370	
1813	1813	
1813	1978	
1814	1777	
1814	1814	
1815	1715	
1815	1815	
1816	125	
1816	1816	
1817	1817	
1818	778	
1818	1818	
1818	2222	
1819	1819	
1820	1511	
1820	1820	
1821	1821	
1822	1822	
1823	1823	
1824	404	
1824	1358	
1824	1614	
1824	1781	
1824	1824	
1825	1781	
1825	1825	
1825	2061	
1825	2179	
1825	3184	
1826	210	
1826	1626	
1826	1826	
1826	1972	
1826	2156	
1826	2168	
1826	2438	
1826	2723	
1826	2736	
1826	2833	
1826	2855	
1826	3074	
1826	3112	
1827	1827	
1827	2667	
1827	2668	
1828	1748	
1828	1749	
1828	1828	
1829	1829	
1829	2357	
1830	1830	
1831	1831	
1831	2257	
1831	2360	
1832	1832	
1832	1932	
1833	1833	
1833	2066	
1834	1834	
1834	2021	
1834	2222	
1834	2227	
1834	2315	
1834	2326	
1834	2470	
1834	2732	
1834	2865	
1834	2896	
1834	2943	
1834	3014	
1834	3068	
1834	3077	
1834	3143	
1835	1835	
1835	2971	
1836	577	
1836	1191	
1836	1477	
1836	1491	
1836	1781	
1836	1836	
1836	2340	
1836	2982	
1836	2986	
1837	1837	
1838	1760	
1838	1838	
1839	1839	
1840	1840	
1840	2927	
1841	377	
1841	1539	
1841	1841	
1841	2927	
1842	1842	
1842	2066	
1843	1634	
1843	1783	
1843	1843	
1844	1844	
1845	988	
1845	1845	
1845	2343	
1846	576	
1846	1380	
1846	1424	
1846	1484	
1846	1572	
1846	1846	
1846	3064	
1847	1504	
1847	1847	
1847	1961	
1847	2177	
1847	2763	
1848	1848	
1849	1849	
1849	2190	
1850	1850	
1851	1851	
1852	1565	
1852	1852	
1852	2034	
1853	1710	
1853	1853	
1853	1972	
1853	2249	
1853	2736	
1853	3074	
1854	1421	
1854	1471	
1854	1748	
1854	1749	
1854	1854	
1854	1960	
1855	1855	
1856	1225	
1856	1324	
1856	1553	
1856	1856	
1856	2127	
1856	2309	
1856	2310	
1856	2396	
1857	1857	
1857	1858	
1858	1268	
1858	1857	
1858	1858	
1858	2393	
1859	1859	
1860	378	
1860	1366	
1860	1389	
1860	1421	
1860	1496	
1860	1626	
1860	1641	
1860	1785	
1860	1786	
1860	1860	
1860	1957	
1860	2151	
1860	3103	
1860	3148	
1860	3184	
1861	408	
1861	1614	
1861	1781	
1861	1861	
1862	1349	
1862	1862	
1863	1863	
1864	1864	
1865	1865	
1866	1866	
1867	1638	
1867	1867	
1868	1868	
1869	1549	
1869	1570	
1869	1869	
1869	2060	
1869	2770	
1870	1674	
1870	1870	
1871	1871	
1871	3062	
1872	1872	
1872	2394	
1873	1873	
1874	1874	
1875	1875	
1876	1707	
1876	1876	
1877	1471	
1877	1749	
1877	1877	
1877	2228	
1877	2280	
1877	2379	
1877	2482	
1877	2740	
1877	2851	
1877	2920	
1878	210	
1878	731	
1878	1878	
1878	2023	
1878	2168	
1879	1754	
1879	1879	
1879	2095	
1879	2218	
1879	2498	
1879	2596	
1879	2734	
1879	2902	
1879	2911	
1879	3000	
1880	1880	
1880	3054	
1881	1881	
1882	1882	
1883	1241	
1883	1883	
1883	1982	
1883	2355	
1884	1754	
1884	1884	
1884	2022	
1884	2085	
1884	3006	
1885	1885	
1885	1928	
1886	678	
1886	1886	
1886	2175	
1887	1887	
1888	1888	
1889	1889	
1890	757	
1890	1890	
1891	1741	
1891	1891	
1892	1526	
1892	1572	
1892	1728	
1892	1751	
1892	1752	
1892	1892	
1893	1893	
1894	1894	
1894	2057	
1894	2349	
1895	1895	
1896	1896	
1897	1897	
1898	1898	
1899	1899	
1900	987	
1900	988	
1900	1900	
1900	2154	
1900	2915	
1900	3060	
1901	168	
1901	185	
1901	1751	
1901	1754	
1901	1901	
1901	2374	
1901	2481	
1901	2669	
1901	2863	
1901	3016	
1901	3052	
1902	145	
1902	1270	
1902	1902	
1903	1903	
1903	2394	
1904	1904	
1905	1744	
1905	1905	
1906	1051	
1906	1906	
1907	1743	
1907	1907	
1908	1550	
1908	1605	
1908	1908	
1908	2705	
1908	2984	
1909	134	
1909	1023	
1909	1284	
1909	1316	
1909	1909	
1910	1910	
1911	1911	
1912	1518	
1912	1912	
1913	1913	
1914	1914	
1915	1915	
1915	2004	
1915	2687	
1915	2692	
1916	666	
1916	1533	
1916	1916	
1916	2130	
1917	1917	
1918	1918	
1919	74	
1919	308	
1919	309	
1919	864	
1919	1175	
1919	1919	
1919	2216	
1919	3054	
1919	3187	
1920	714	
1920	1778	
1920	1920	
1921	1921	
1922	1922	
1923	1923	
1924	1728	
1924	1924	
1924	2365	
1924	2582	
1924	3152	
1925	1925	
1925	2287	
1925	2547	
1925	3062	
1926	1926	
1926	2034	
1927	1659	
1927	1771	
1927	1927	
1927	2163	
1927	3003	
1928	1885	
1928	1928	
1928	2795	
1929	1929	
1929	2142	
1930	1930	
1930	2115	
1931	311	
1931	1177	
1931	1931	
1932	962	
1932	1566	
1932	1832	
1932	1932	
1932	1999	
1932	2159	
1933	1933	
1934	1551	
1934	1934	
1935	849	
1935	1115	
1935	1935	
1935	2451	
1935	2556	
1935	2978	
1936	849	
1936	1936	
1936	2257	
1936	2360	
1936	2451	
1936	2452	
1936	2556	
1936	2765	
1937	1937	
1937	2002	
1938	1938	
1938	2219	
1938	2344	
1939	678	
1939	1030	
1939	1939	
1939	2767	
1939	3064	
1940	1940	
1941	1941	
1942	1942	
1943	1943	
1944	714	
1944	1779	
1944	1944	
1944	1987	
1945	483	
1945	584	
1945	669	
1945	680	
1945	763	
1945	823	
1945	914	
1945	915	
1945	917	
1945	984	
1945	989	
1945	990	
1945	1012	
1945	1084	
1945	1098	
1945	1122	
1945	1138	
1945	1139	
1945	1141	
1945	1200	
1945	1223	
1945	1265	
1945	1336	
1945	1396	
1945	1455	
1945	1477	
1945	1487	
1945	1491	
1945	1496	
1945	1945	
1945	3003	
1946	360	
1946	731	
1946	878	
1946	902	
1946	1093	
1946	1177	
1946	1387	
1946	1393	
1946	1946	
1947	399	
1947	1134	
1947	1223	
1947	1248	
1947	1807	
1947	1947	
1947	2034	
1947	2290	
1947	2579	
1947	2923	
1947	2945	
1948	1391	
1948	1559	
1948	1948	
1949	196	
1949	946	
1949	1949	
1950	1950	
1951	1410	
1951	1604	
1951	1951	
1951	2373	
1951	2894	
1952	1952	
1953	1953	
1954	1954	
1955	987	
1955	1955	
1955	2653	
1955	2654	
1956	854	
1956	1956	
1957	731	
1957	1389	
1957	1860	
1957	1957	
1958	1958	
1959	1135	
1959	1959	
1959	2182	
1959	2534	
1960	1471	
1960	1749	
1960	1854	
1960	1960	
1960	2376	
1961	1369	
1961	1504	
1961	1847	
1961	1961	
1961	2430	
1962	1962	
1963	475	
1963	750	
1963	909	
1963	1963	
1964	1964	
1965	1718	
1965	1965	
1966	1966	
1967	1539	
1967	1967	
1967	2120	
1968	1662	
1968	1968	
1968	2099	
1969	308	
1969	1175	
1969	1969	
1969	1997	
1969	2216	
1969	2679	
1969	3054	
1970	1970	
1971	1971	
1972	1826	
1972	1853	
1972	1972	
1972	2156	
1972	2361	
1972	2513	
1972	2736	
1972	2855	
1972	3074	
1972	3106	
1972	3112	
1973	1785	
1973	1786	
1973	1973	
1973	2107	
1973	2109	
1973	2251	
1973	2534	
1973	2543	
1973	2559	
1973	2770	
1973	3053	
1973	3083	
1974	1974	
1974	2971	
1975	1026	
1975	1292	
1975	1497	
1975	1975	
1975	2432	
1976	1271	
1976	1976	
1976	2140	
1976	2452	
1976	2765	
1976	2901	
1976	3134	
1977	1977	
1977	2604	
1978	1307	
1978	1589	
1978	1813	
1978	1978	
1979	1979	
1980	1980	
1980	3054	
1981	1981	
1982	1	
1982	324	
1982	1273	
1982	1883	
1982	1982	
1982	2415	
1983	1983	
1984	1984	
1985	1985	
1986	1986	
1986	1987	
1987	714	
1987	1561	
1987	1581	
1987	1779	
1987	1944	
1987	1986	
1987	1987	
1987	2315	
1988	11	
1988	14	
1988	381	
1988	1496	
1988	1988	
1989	799	
1989	1989	
1989	2110	
1989	2581	
1989	2739	
1989	2795	
1989	2921	
1989	3087	
1990	1990	
1991	1991	
1992	1786	
1992	1992	
1992	2107	
1992	2770	
1992	3053	
1993	1993	
1994	1237	
1994	1994	
1995	1995	
1996	1996	
1997	308	
1997	1969	
1997	1997	
1997	2216	
1997	2679	
1997	3054	
1998	1998	
1999	1932	
1999	1999	
2000	2000	
2001	2001	
2002	1767	
2002	1937	
2002	2002	
2003	1710	
2003	1767	
2003	2003	
2003	2105	
2003	2230	
2004	1686	
2004	1915	
2004	2004	
2004	2674	
2004	2687	
2004	2828	
2005	2005	
2006	2006	
2007	2007	
2008	2008	
2009	2009	
2010	2010	
2011	2011	
2011	2012	
2012	2011	
2012	2012	
2012	2013	
2013	2012	
2013	2013	
2014	2014	
2015	1477	
2015	1781	
2015	2015	
2015	2179	
2015	2423	
2016	2016	
2016	2193	
2016	2319	
2016	2894	
2017	849	
2017	850	
2017	851	
2017	852	
2017	853	
2017	854	
2017	855	
2017	856	
2017	857	
2017	858	
2017	859	
2017	860	
2017	861	
2017	862	
2017	863	
2017	864	
2017	865	
2017	866	
2017	2017	
2017	2319	
2017	2582	
2017	2669	
2017	3054	
2018	1785	
2018	1786	
2018	2018	
2018	2109	
2018	2251	
2018	2573	
2018	2770	
2019	2019	
2020	1735	
2020	2020	
2020	2479	
2021	1834	
2021	2021	
2022	1884	
2022	2022	
2023	106	
2023	1878	
2023	2023	
2024	2024	
2025	987	
2025	2025	
2026	2026	
2027	2027	
2028	2028	
2028	2031	
2028	2521	
2029	2029	
2030	2030	
2031	450	
2031	1022	
2031	2028	
2031	2031	
2031	2521	
2031	3099	
2032	849	
2032	1785	
2032	2032	
2033	1314	
2033	1785	
2033	1786	
2033	2033	
2033	3001	
2034	984	
2034	1231	
2034	1565	
2034	1852	
2034	1926	
2034	1947	
2034	2034	
2035	2035	
2035	2357	
2036	1455	
2036	2036	
2037	2037	
2038	2038	
2039	2039	
2040	324	
2040	621	
2040	1241	
2040	1273	
2040	1352	
2040	1356	
2040	2040	
2040	2355	
2041	864	
2041	2041	
2042	970	
2042	1228	
2042	2042	
2042	2222	
2042	2679	
2043	2043	
2043	2349	
2044	521	
2044	996	
2044	1558	
2044	2044	
2044	2230	
2045	2045	
2045	2466	
2045	2834	
2045	3115	
2046	1515	
2046	2046	
2046	2155	
2046	2406	
2046	2710	
2046	2715	
2046	2716	
2046	2717	
2046	2718	
2046	2765	
2046	2817	
2046	2888	
2046	2901	
2046	2957	
2046	2959	
2046	2965	
2046	3087	
2046	3154	
2047	2047	
2048	429	
2048	786	
2048	834	
2048	2048	
2049	2049	
2049	2183	
2049	2282	
2050	1225	
2050	2050	
2051	2051	
2052	1008	
2052	1013	
2052	1504	
2052	1540	
2052	2052	
2053	1172	
2053	1237	
2053	1327	
2053	1354	
2053	1684	
2053	2053	
2053	2221	
2053	2273	
2053	2453	
2053	2517	
2053	2856	
2053	3034	
2054	1544	
2054	2054	
2055	2055	
2055	2057	
2055	2392	
2056	2056	
2057	1600	
2057	1894	
2057	2055	
2057	2057	
2058	1600	
2058	2058	
2058	2416	
2059	196	
2059	2059	
2059	2178	
2060	210	
2060	1380	
2060	1421	
2060	1469	
2060	1477	
2060	1491	
2060	1869	
2060	2060	
2060	2110	
2060	2155	
2060	2294	
2060	2558	
2060	2842	
2060	3077	
2060	3150	
2061	773	
2061	1140	
2061	1141	
2061	1477	
2061	1491	
2061	1825	
2061	2061	
2062	2062	
2063	2063	
2064	1677	
2064	2064	
2065	2065	
2066	1833	
2066	1842	
2066	2066	
2067	2067	
2068	1526	
2068	2068	
2069	2069	
2070	2070	
2071	2071	
2071	2393	
2072	2072	
2073	2073	
2074	429	
2074	786	
2074	834	
2074	872	
2074	2074	
2074	2415	
2074	2550	
2075	472	
2075	2075	
2075	3011	
2076	2076	
2077	2077	
2078	2078	
2078	2389	
2079	2079	
2080	1523	
2080	2080	
2080	2319	
2080	2320	
2080	2378	
2080	2632	
2080	2738	
2080	2740	
2080	2868	
2080	3127	
2081	2081	
2081	2253	
2081	2254	
2082	518	
2082	1491	
2082	2082	
2082	2314	
2083	988	
2083	2083	
2083	3184	
2084	2084	
2085	1751	
2085	1884	
2085	2085	
2086	2086	
2087	1594	
2087	2087	
2087	2189	
2088	2088	
2089	2089	
2090	2090	
2091	1366	
2091	1477	
2091	1491	
2091	2091	
2092	1527	
2092	2092	
2092	2396	
2093	429	
2093	834	
2093	872	
2093	1092	
2093	1298	
2093	1573	
2093	2093	
2094	1566	
2094	2094	
2094	2352	
2094	2353	
2095	1728	
2095	1751	
2095	1754	
2095	1879	
2095	2095	
2095	2218	
2095	2734	
2095	3000	
2096	1155	
2096	2096	
2096	2215	
2097	2097	
2097	2153	
2097	3003	
2098	2098	
2099	1662	
2099	1707	
2099	1968	
2099	2099	
2100	2100	
2101	1639	
2101	2101	
2102	1639	
2102	2102	
2103	1218	
2103	2103	
2104	1219	
2104	2104	
2104	2489	
2105	2003	
2105	2105	
2106	2106	
2107	1785	
2107	1786	
2107	1973	
2107	1992	
2107	2107	
2107	2138	
2107	2203	
2107	2251	
2107	2530	
2107	2537	
2107	2543	
2107	2559	
2107	2573	
2107	2991	
2107	3053	
2107	3083	
2108	2108	
2109	1785	
2109	1786	
2109	1973	
2109	2018	
2109	2109	
2109	2203	
2109	2251	
2109	2543	
2109	2770	
2109	2974	
2109	3053	
2110	1265	
2110	1781	
2110	1989	
2110	2060	
2110	2110	
2110	2179	
2110	2698	
2110	2921	
2110	3154	
2111	619	
2111	830	
2111	1112	
2111	1592	
2111	2111	
2111	2534	
2111	2556	
2111	2650	
2111	2708	
2111	2887	
2112	799	
2112	2112	
2113	2113	
2114	2114	
2114	2160	
2114	2688	
2115	1691	
2115	1930	
2115	2115	
2116	2116	
2117	2117	
2118	1175	
2118	2118	
2119	1023	
2119	2119	
2119	2129	
2119	2404	
2120	377	
2120	1537	
2120	1539	
2120	1967	
2120	2120	
2121	2121	
2122	1674	
2122	1691	
2122	2122	
2123	1663	
2123	2123	
2124	2124	
2124	2591	
2125	2125	
2125	2987	
2126	196	
2126	404	
2126	823	
2126	1614	
2126	1693	
2126	2126	
2126	2317	
2126	2546	
2127	1155	
2127	1324	
2127	1487	
2127	1527	
2127	1781	
2127	1856	
2127	2127	
2127	2178	
2127	2396	
2127	2561	
2128	1752	
2128	2128	
2129	1449	
2129	2119	
2129	2129	
2129	2149	
2130	1916	
2130	2130	
2130	2582	
2131	2131	
2131	2135	
2132	2132	
2132	2135	
2133	124	
2133	2133	
2133	2134	
2134	124	
2134	2133	
2134	2134	
2135	2131	
2135	2132	
2135	2135	
2136	2136	
2137	1153	
2137	2137	
2138	2107	
2138	2138	
2138	2411	
2138	2709	
2138	2889	
2138	2937	
2138	2989	
2138	3005	
2138	3025	
2138	3101	
2139	2139	
2139	2532	
2139	2631	
2139	2746	
2139	3001	
2140	1976	
2140	2140	
2141	2141	
2142	1929	
2142	2142	
2142	2231	
2143	1734	
2143	2143	
2144	1052	
2144	2144	
2145	2145	
2146	299	
2146	861	
2146	862	
2146	863	
2146	2146	
2147	1771	
2147	2147	
2147	3003	
2148	2148	
2148	2314	
2148	2317	
2148	2842	
2149	2129	
2149	2149	
2150	1198	
2150	1338	
2150	1749	
2150	2150	
2150	2320	
2150	2597	
2150	2777	
2150	2851	
2150	2895	
2150	2912	
2150	2946	
2150	3128	
2151	1653	
2151	1747	
2151	1860	
2151	2151	
2151	2719	
2151	2967	
2152	1491	
2152	1767	
2152	2152	
2153	2097	
2153	2153	
2154	987	
2154	988	
2154	1900	
2154	2154	
2154	3060	
2155	210	
2155	378	
2155	1389	
2155	2046	
2155	2060	
2155	2155	
2155	2252	
2155	2594	
2156	1626	
2156	1826	
2156	1972	
2156	2156	
2157	2157	
2157	2293	
2158	2158	
2159	962	
2159	1932	
2159	2159	
2160	2114	
2160	2160	
2160	3134	
2161	2161	
2162	1184	
2162	1389	
2162	2162	
2163	1720	
2163	1771	
2163	1927	
2163	2163	
2163	2181	
2163	2407	
2163	3003	
2164	2164	
2164	2167	
2164	2323	
2165	2165	
2165	2170	
2165	3071	
2166	2166	
2166	2170	
2167	1379	
2167	1392	
2167	1393	
2167	2164	
2167	2167	
2167	2169	
2167	2170	
2167	2323	
2167	2719	
2168	210	
2168	731	
2168	1626	
2168	1826	
2168	1878	
2168	2168	
2169	2167	
2169	2169	
2170	2165	
2170	2166	
2170	2167	
2170	2170	
2170	2323	
2171	2171	
2172	2172	
2173	2173	
2173	2174	
2174	2173	
2174	2174	
2175	1551	
2175	1613	
2175	1886	
2175	2175	
2175	2413	
2176	677	
2176	2176	
2177	1847	
2177	2177	
2177	2490	
2178	1303	
2178	1323	
2178	2059	
2178	2127	
2178	2178	
2178	3184	
2179	1477	
2179	1491	
2179	1825	
2179	2015	
2179	2110	
2179	2179	
2179	2733	
2179	2986	
2179	3093	
2179	3094	
2179	3184	
2180	2180	
2181	2163	
2181	2181	
2181	2345	
2181	2407	
2182	1959	
2182	2182	
2182	2497	
2182	2534	
2183	2049	
2183	2183	
2184	2184	
2185	2185	
2185	2296	
2185	2952	
2186	2186	
2187	1748	
2187	1781	
2187	2187	
2187	3003	
2188	1572	
2188	2188	
2188	2319	
2189	521	
2189	1594	
2189	2087	
2189	2189	
2189	2292	
2189	2505	
2189	3191	
2190	1372	
2190	1849	
2190	2190	
2191	308	
2191	309	
2191	2191	
2192	2192	
2192	2326	
2192	2457	
2192	2842	
2192	2903	
2193	2016	
2193	2193	
2193	3101	
2193	3186	
2194	2194	
2194	2858	
2194	3110	
2195	1190	
2195	2195	
2195	2883	
2196	2196	
2197	2197	
2198	2198	
2198	2452	
2198	2882	
2199	2199	
2200	1718	
2200	2200	
2201	2201	
2202	1542	
2202	2202	
2203	492	
2203	911	
2203	1785	
2203	1786	
2203	2107	
2203	2109	
2203	2203	
2203	2258	
2203	2313	
2203	2319	
2203	2359	
2203	2437	
2203	2552	
2203	2781	
2203	2860	
2203	2991	
2204	2204	
2204	2319	
2204	2480	
2204	2594	
2204	2709	
2204	2939	
2204	2972	
2204	3155	
2205	2205	
2205	2207	
2205	2474	
2206	2206	
2207	2205	
2207	2207	
2207	2474	
2208	2208	
2209	1434	
2209	1540	
2209	2209	
2210	1155	
2210	2210	
2210	2657	
2210	2719	
2211	1554	
2211	1741	
2211	2211	
2211	2421	
2212	2212	
2213	2213	
2214	311	
2214	2214	
2214	2544	
2215	2096	
2215	2215	
2215	3132	
2216	864	
2216	1919	
2216	1969	
2216	1997	
2216	2216	
2217	2217	
2218	1380	
2218	1572	
2218	1728	
2218	1751	
2218	1752	
2218	1810	
2218	1879	
2218	2095	
2218	2218	
2218	2681	
2219	1938	
2219	2219	
2219	2950	
2219	3072	
2220	250	
2220	1172	
2220	1237	
2220	1327	
2220	1354	
2220	1489	
2220	1548	
2220	2220	
2220	2273	
2220	2453	
2220	2598	
2220	2726	
2220	2856	
2221	1683	
2221	2053	
2221	2221	
2221	2517	
2221	2726	
2222	970	
2222	1800	
2222	1818	
2222	1834	
2222	2042	
2222	2222	
2223	2223	
2224	1547	
2224	2224	
2225	2225	
2226	1658	
2226	1666	
2226	2226	
2227	307	
2227	1834	
2227	2227	
2227	2356	
2227	2420	
2227	2874	
2227	3143	
2228	1198	
2228	1338	
2228	1877	
2228	2228	
2228	2280	
2228	2379	
2228	2482	
2228	2500	
2229	1365	
2229	2229	
2230	2003	
2230	2044	
2230	2230	
2231	2142	
2231	2231	
2231	2529	
2232	2232	
2233	2233	
2234	2234	
2235	2235	
2236	2236	
2237	2237	
2238	2238	
2239	2239	
2240	2240	
2241	2241	
2242	2242	
2243	2243	
2244	2244	
2245	2245	
2245	2571	
2245	3072	
2245	3119	
2246	2246	
2247	2247	
2247	2480	
2247	2738	
2247	2867	
2247	3004	
2247	3030	
2247	3155	
2248	2248	
2249	1626	
2249	1708	
2249	1853	
2249	2249	
2250	2250	
2251	1785	
2251	1786	
2251	1973	
2251	2018	
2251	2107	
2251	2109	
2251	2251	
2251	2974	
2252	1358	
2252	1496	
2252	2155	
2252	2252	
2252	3184	
2253	437	
2253	2081	
2253	2253	
2254	2081	
2254	2254	
2255	2255	
2256	1198	
2256	1338	
2256	2256	
2256	2618	
2257	849	
2257	1831	
2257	1936	
2257	2257	
2257	2360	
2258	2203	
2258	2258	
2259	2259	
2260	2260	
2261	2261	
2261	2686	
2262	2262	
2263	2263	
2263	2598	
2263	2691	
2263	2726	
2263	3113	
2264	2264	
2264	2470	
2265	2265	
2266	2266	
2266	2660	
2267	2267	
2267	2647	
2267	2792	
2268	2268	
2268	2567	
2269	785	
2269	2269	
2270	988	
2270	2270	
2270	2693	
2270	2696	
2271	2271	
2272	677	
2272	1638	
2272	2272	
2273	1172	
2273	1237	
2273	1327	
2273	1354	
2273	2053	
2273	2220	
2273	2273	
2274	2274	
2274	2795	
2275	2275	
2276	1073	
2276	1153	
2276	2276	
2276	2565	
2277	1751	
2277	1754	
2277	2277	
2277	2928	
2277	3127	
2278	2278	
2278	2455	
2279	1740	
2279	2279	
2280	1877	
2280	2228	
2280	2280	
2281	2281	
2282	1328	
2282	2049	
2282	2282	
2283	2283	
2284	2284	
2285	2285	
2286	2286	
2286	2555	
2286	2605	
2287	1925	
2287	2287	
2288	2288	
2288	2729	
2289	2289	
2289	3075	
2289	3156	
2290	1947	
2290	2290	
2291	2291	
2292	2189	
2292	2292	
2292	2505	
2293	2157	
2293	2293	
2294	1469	
2294	2060	
2294	2294	
2295	2295	
2296	2185	
2296	2296	
2297	1728	
2297	1754	
2297	2297	
2298	2298	
2298	3144	
2299	1502	
2299	1641	
2299	2299	
2300	2300	
2301	2301	
2301	2886	
2302	2302	
2302	3011	
2303	2303	
2304	2304	
2305	2305	
2306	2306	
2307	2307	
2308	2308	
2309	1856	
2309	2309	
2309	2398	
2310	1856	
2310	2310	
2311	2311	
2312	2312	
2313	2203	
2313	2313	
2313	2425	
2314	1098	
2314	1626	
2314	2082	
2314	2148	
2314	2314	
2314	2438	
2315	728	
2315	1348	
2315	1834	
2315	1987	
2315	2315	
2316	2316	
2317	1198	
2317	1572	
2317	1693	
2317	1749	
2317	1753	
2317	1781	
2317	2126	
2317	2148	
2317	2317	
2317	2874	
2318	1653	
2318	2318	
2319	1408	
2319	1719	
2319	1749	
2319	1751	
2319	2016	
2319	2017	
2319	2080	
2319	2188	
2319	2203	
2319	2204	
2319	2319	
2320	2080	
2320	2150	
2320	2320	
2320	2597	
2321	2321	
2322	2322	
2323	2164	
2323	2167	
2323	2170	
2323	2323	
2324	2324	
2325	2325	
2325	3184	
2326	1303	
2326	1323	
2326	1834	
2326	2192	
2326	2326	
2326	2411	
2326	2457	
2326	3186	
2327	2327	
2328	2328	
2329	1751	
2329	2329	
2329	2478	
2329	3003	
2330	2330	
2331	2331	
2332	2332	
2333	87	
2333	88	
2333	1793	
2333	2333	
2334	1580	
2334	2334	
2335	1662	
2335	2335	
2336	2336	
2337	2337	
2338	2338	
2339	440	
2339	619	
2339	1112	
2339	1592	
2339	2339	
2340	1191	
2340	1491	
2340	1683	
2340	1836	
2340	2340	
2340	2824	
2340	2982	
2340	2986	
2341	990	
2341	1466	
2341	1468	
2341	2341	
2341	2545	
2341	3184	
2342	1198	
2342	1338	
2342	1749	
2342	2342	
2343	1173	
2343	1774	
2343	1845	
2343	2343	
2344	1938	
2344	2344	
2345	1771	
2345	2181	
2345	2345	
2345	2407	
2345	2852	
2345	3003	
2345	3011	
2345	3050	
2346	1114	
2346	2346	
2347	2347	
2348	1175	
2348	2348	
2348	2563	
2349	501	
2349	613	
2349	774	
2349	1648	
2349	1716	
2349	1794	
2349	1894	
2349	2043	
2349	2349	
2350	1418	
2350	2350	
2350	2354	
2350	2355	
2351	2351	
2352	2094	
2352	2352	
2353	2094	
2353	2353	
2354	1418	
2354	1521	
2354	1597	
2354	1679	
2354	2350	
2354	2354	
2354	2355	
2355	1418	
2355	1521	
2355	1597	
2355	1883	
2355	2040	
2355	2350	
2355	2354	
2355	2355	
2355	2640	
2356	970	
2356	1491	
2356	2227	
2356	2356	
2356	2704	
2356	2738	
2356	2866	
2356	2869	
2356	2941	
2356	2958	
2356	3004	
2356	3030	
2357	1523	
2357	1829	
2357	2035	
2357	2357	
2358	274	
2358	1746	
2358	1751	
2358	1753	
2358	2358	
2358	2377	
2358	2625	
2358	2626	
2358	2669	
2359	1785	
2359	2203	
2359	2359	
2360	849	
2360	1831	
2360	1936	
2360	2257	
2360	2360	
2361	1972	
2361	2361	
2362	2362	
2362	2365	
2363	2363	
2363	2641	
2364	2364	
2364	2366	
2365	987	
2365	1754	
2365	1924	
2365	2362	
2365	2365	
2365	3152	
2366	2364	
2366	2366	
2367	2367	
2367	3003	
2368	2368	
2369	2369	
2370	1726	
2370	2370	
2371	2371	
2371	2849	
2372	1746	
2372	2372	
2373	1410	
2373	1751	
2373	1810	
2373	1951	
2373	2373	
2373	2374	
2373	2380	
2373	2450	
2373	2595	
2373	2996	
2373	3006	
2373	3067	
2374	1728	
2374	1901	
2374	2373	
2374	2374	
2374	2450	
2374	3006	
2374	3067	
2375	2375	
2375	2628	
2375	2891	
2375	3072	
2376	1198	
2376	1749	
2376	1960	
2376	2376	
2376	2700	
2376	3128	
2377	1471	
2377	1746	
2377	1749	
2377	2358	
2377	2377	
2377	2436	
2377	2626	
2377	2868	
2377	2870	
2378	1471	
2378	2080	
2378	2378	
2379	1749	
2379	1877	
2379	2228	
2379	2379	
2379	2704	
2379	2867	
2380	1751	
2380	2373	
2380	2380	
2380	2629	
2380	2868	
2380	2928	
2380	2951	
2381	2381	
2382	2382	
2383	2383	
2384	2384	
2385	2385	
2386	2386	
2387	1417	
2387	2387	
2387	2852	
2387	3050	
2387	3190	
2388	308	
2388	309	
2388	2388	
2388	2455	
2388	2493	
2388	2889	
2388	2968	
2389	2078	
2389	2389	
2390	2390	
2390	2519	
2391	2391	
2392	1600	
2392	2055	
2392	2392	
2393	1858	
2393	2071	
2393	2393	
2394	1872	
2394	1903	
2394	2394	
2394	2533	
2395	2395	
2396	1487	
2396	1856	
2396	2092	
2396	2127	
2396	2396	
2397	2397	
2398	2309	
2398	2398	
2399	2399	
2400	2400	
2400	2788	
2400	2910	
2401	2401	
2402	2402	
2403	2403	
2404	2119	
2404	2404	
2405	2405	
2406	2046	
2406	2406	
2406	2717	
2407	2163	
2407	2181	
2407	2345	
2407	2407	
2407	3003	
2408	2408	
2409	2409	
2410	2410	
2411	2138	
2411	2326	
2411	2411	
2412	2412	
2412	2543	
2412	3053	
2413	2175	
2413	2413	
2414	2414	
2415	1040	
2415	1982	
2415	2074	
2415	2415	
2416	1600	
2416	2058	
2416	2416	
2417	521	
2417	2417	
2417	2834	
2417	2884	
2417	3115	
2418	2418	
2419	2419	
2419	2825	
2420	2227	
2420	2420	
2421	1741	
2421	2211	
2421	2421	
2421	2674	
2422	2422	
2423	1337	
2423	2015	
2423	2423	
2423	2733	
2424	1749	
2424	2424	
2425	2313	
2425	2425	
2426	2426	
2427	1581	
2427	1636	
2427	2427	
2428	2428	
2429	2429	
2430	1961	
2430	2430	
2431	2431	
2432	1975	
2432	2432	
2433	2433	
2433	2785	
2434	1751	
2434	2434	
2435	1184	
2435	2435	
2435	2596	
2435	2747	
2435	2768	
2435	2845	
2435	2902	
2435	2911	
2435	2955	
2436	2377	
2436	2436	
2436	2840	
2436	2869	
2436	3128	
2436	3158	
2437	2203	
2437	2437	
2438	1826	
2438	2314	
2438	2438	
2438	2625	
2438	2922	
2438	3081	
2438	3101	
2438	3112	
2439	2439	
2440	2440	
2441	2441	
2442	2442	
2443	747	
2443	2443	
2444	2444	
2445	2445	
2446	2446	
2447	2447	
2448	2448	
2449	2449	
2449	2659	
2450	2373	
2450	2374	
2450	2450	
2451	849	
2451	944	
2451	1935	
2451	1936	
2451	2451	
2451	2765	
2451	2965	
2452	849	
2452	1936	
2452	1976	
2452	2198	
2452	2452	
2452	2765	
2452	2882	
2453	753	
2453	1172	
2453	1354	
2453	2053	
2453	2220	
2453	2453	
2453	2598	
2453	2856	
2454	2454	
2454	2712	
2454	2741	
2454	3070	
2455	2278	
2455	2388	
2455	2455	
2455	2889	
2455	2968	
2455	3042	
2456	2456	
2456	2709	
2456	3004	
2456	3121	
2457	2192	
2457	2326	
2457	2457	
2457	2981	
2457	3030	
2457	3077	
2457	3104	
2458	2458	
2459	1114	
2459	2459	
2460	2460	
2461	2461	
2462	2462	
2463	2463	
2464	2464	
2465	2465	
2466	2045	
2466	2466	
2466	2834	
2466	3115	
2467	1606	
2467	2467	
2468	2468	
2469	2469	
2470	1303	
2470	1469	
2470	1834	
2470	2264	
2470	2470	
2471	2471	
2472	2472	
2473	2473	
2474	2205	
2474	2207	
2474	2474	
2475	2475	
2476	2476	
2477	2477	
2477	2574	
2477	2709	
2477	3186	
2478	1205	
2478	1771	
2478	2329	
2478	2478	
2478	3003	
2479	2020	
2479	2479	
2479	2852	
2479	3003	
2480	2204	
2480	2247	
2480	2480	
2480	3003	
2481	1901	
2481	2481	
2482	1749	
2482	1877	
2482	2228	
2482	2482	
2483	2483	
2484	2484	
2485	2485	
2485	2977	
2485	2985	
2485	3011	
2485	3035	
2486	2486	
2487	2487	
2488	2488	
2489	1219	
2489	2104	
2489	2489	
2490	2177	
2490	2490	
2491	2491	
2491	2748	
2491	3144	
2492	1548	
2492	2492	
2493	2388	
2493	2493	
2493	2816	
2493	3129	
2494	2494	
2495	2495	
2496	2496	
2496	2628	
2496	3097	
2497	1471	
2497	2182	
2497	2497	
2498	1879	
2498	2498	
2498	2911	
2499	1751	
2499	2499	
2499	3114	
2500	2228	
2500	2500	
2501	1502	
2501	1751	
2501	2501	
2501	2623	
2502	2502	
2503	2503	
2504	2504	
2505	521	
2505	2189	
2505	2292	
2505	2505	
2505	2908	
2506	987	
2506	2506	
2507	2507	
2508	2508	
2509	2509	
2510	2510	
2511	2511	
2512	2512	
2513	1549	
2513	1972	
2513	2513	
2513	2855	
2514	2514	
2515	1723	
2515	2515	
2516	2516	
2517	1684	
2517	2053	
2517	2221	
2517	2517	
2517	2616	
2517	3034	
2518	1548	
2518	1684	
2518	2518	
2519	2390	
2519	2519	
2520	2520	
2521	2028	
2521	2031	
2521	2521	
2521	2762	
2521	3135	
2522	2522	
2522	2928	
2523	2523	
2523	2980	
2524	1785	
2524	2524	
2524	2575	
2524	2966	
2524	3134	
2525	1474	
2525	2525	
2526	1728	
2526	2526	
2527	1542	
2527	2527	
2528	2528	
2529	2231	
2529	2529	
2530	2107	
2530	2530	
2530	2537	
2531	2531	
2531	2662	
2532	2139	
2532	2532	
2532	2631	
2533	2394	
2533	2533	
2534	799	
2534	830	
2534	1787	
2534	1959	
2534	1973	
2534	2111	
2534	2182	
2534	2534	
2534	2708	
2534	2820	
2534	2971	
2534	3045	
2535	2535	
2536	1523	
2536	2536	
2536	2919	
2537	2107	
2537	2530	
2537	2537	
2537	2623	
2537	2819	
2538	2538	
2538	2899	
2538	3003	
2539	2539	
2540	2540	
2541	799	
2541	2541	
2541	3186	
2542	2542	
2543	332	
2543	1785	
2543	1786	
2543	1973	
2543	2107	
2543	2109	
2543	2412	
2543	2543	
2543	3053	
2543	3083	
2544	311	
2544	1524	
2544	2214	
2544	2544	
2545	1739	
2545	1781	
2545	2341	
2545	2545	
2545	2746	
2546	404	
2546	1477	
2546	1491	
2546	2126	
2546	2546	
2546	3184	
2547	1326	
2547	1925	
2547	2547	
2547	2987	
2548	714	
2548	2548	
2549	2549	
2550	429	
2550	1573	
2550	2074	
2550	2550	
2551	2551	
2551	2658	
2552	332	
2552	911	
2552	1785	
2552	2203	
2552	2552	
2552	3083	
2553	2553	
2554	2554	
2555	2286	
2555	2555	
2556	830	
2556	1935	
2556	1936	
2556	2111	
2556	2556	
2556	2698	
2556	2708	
2557	437	
2557	2557	
2557	3075	
2557	3085	
2558	1471	
2558	2060	
2558	2558	
2558	2868	
2558	2939	
2558	2941	
2559	1785	
2559	1973	
2559	2107	
2559	2559	
2560	2560	
2561	2127	
2561	2561	
2562	2562	
2563	2348	
2563	2563	
2564	2564	
2565	1716	
2565	2276	
2565	2565	
2566	2566	
2567	755	
2567	2268	
2567	2567	
2568	2568	
2569	2569	
2569	2847	
2569	2928	
2569	3046	
2569	3098	
2569	3107	
2570	2570	
2571	2245	
2571	2571	
2572	2572	
2572	3179	
2573	1786	
2573	2018	
2573	2107	
2573	2573	
2574	2477	
2574	2574	
2575	2524	
2575	2575	
2576	2576	
2577	2577	
2578	2578	
2579	1535	
2579	1807	
2579	1947	
2579	2579	
2580	2580	
2581	1989	
2581	2581	
2582	1751	
2582	1924	
2582	2017	
2582	2130	
2582	2582	
2583	2583	
2583	3142	
2584	2584	
2585	2585	
2586	2586	
2587	2587	
2587	2612	
2588	2588	
2588	2612	
2589	1353	
2589	2589	
2590	888	
2590	2590	
2591	2124	
2591	2591	
2592	2592	
2593	2593	
2593	2919	
2594	1771	
2594	2155	
2594	2204	
2594	2594	
2594	2975	
2594	3186	
2595	2373	
2595	2595	
2595	2996	
2595	3006	
2595	3067	
2596	1184	
2596	1879	
2596	2435	
2596	2596	
2596	2902	
2596	2955	
2597	2150	
2597	2320	
2597	2597	
2597	2865	
2597	2866	
2597	2898	
2597	2972	
2597	3043	
2597	3128	
2597	3144	
2598	1172	
2598	1548	
2598	2220	
2598	2263	
2598	2453	
2598	2598	
2598	2691	
2598	2845	
2598	2856	
2598	3113	
2599	2599	
2599	3089	
2600	2600	
2601	2601	
2602	2602	
2603	763	
2603	1491	
2603	2603	
2604	1977	
2604	2604	
2605	1026	
2605	2286	
2605	2605	
2606	2606	
2607	2607	
2607	2756	
2607	3076	
2607	3179	
2608	2608	
2609	2609	
2610	2610	
2611	2611	
2612	2587	
2612	2588	
2612	2612	
2613	2613	
2614	2614	
2615	2615	
2616	931	
2616	1548	
2616	1684	
2616	2517	
2616	2616	
2617	2617	
2618	1198	
2618	1338	
2618	1749	
2618	2256	
2618	2618	
2618	2895	
2619	1419	
2619	1429	
2619	2619	
2620	2620	
2621	2621	
2622	2622	
2623	2501	
2623	2537	
2623	2623	
2624	2624	
2624	3144	
2625	1471	
2625	1753	
2625	2358	
2625	2438	
2625	2625	
2625	2626	
2625	2868	
2625	3105	
2625	3144	
2626	1746	
2626	2358	
2626	2377	
2626	2625	
2626	2626	
2626	2629	
2626	2840	
2627	2627	
2628	2375	
2628	2496	
2628	2628	
2628	2891	
2629	1502	
2629	2380	
2629	2626	
2629	2629	
2629	2786	
2629	2840	
2629	2919	
2629	3017	
2629	3110	
2629	3174	
2630	576	
2630	2630	
2630	2757	
2630	2933	
2631	2139	
2631	2532	
2631	2631	
2632	1471	
2632	1749	
2632	2080	
2632	2632	
2632	2868	
2632	2870	
2632	2876	
2632	3105	
2632	3144	
2633	699	
2633	2633	
2633	2987	
2634	2634	
2635	2635	
2636	2636	
2637	2637	
2638	2638	
2639	2639	
2640	2355	
2640	2640	
2641	2363	
2641	2641	
2642	2642	
2642	2759	
2643	2643	
2643	2706	
2644	2644	
2645	2645	
2645	2719	
2645	3094	
2645	3184	
2646	2646	
2647	2267	
2647	2647	
2647	2792	
2648	2648	
2649	2649	
2650	576	
2650	680	
2650	830	
2650	2111	
2650	2650	
2651	2651	
2651	2723	
2651	2941	
2651	2956	
2651	3030	
2652	2652	
2652	3184	
2653	1955	
2653	2653	
2654	1955	
2654	2654	
2655	2655	
2655	2656	
2656	2655	
2656	2656	
2657	2210	
2657	2657	
2657	2719	
2658	2551	
2658	2658	
2659	2449	
2659	2659	
2660	2266	
2660	2660	
2661	2661	
2662	2531	
2662	2662	
2663	2663	
2664	2664	
2664	2714	
2664	3075	
2665	1383	
2665	1549	
2665	2665	
2665	2766	
2665	2954	
2665	3106	
2666	2666	
2667	1604	
2667	1728	
2667	1827	
2667	2667	
2668	1604	
2668	1728	
2668	1761	
2668	1827	
2668	2668	
2668	2677	
2669	1751	
2669	1901	
2669	2017	
2669	2358	
2669	2669	
2670	2670	
2671	2671	
2672	2672	
2673	2673	
2673	2704	
2673	2770	
2673	3053	
2674	1741	
2674	2004	
2674	2421	
2674	2674	
2674	2687	
2675	2675	
2676	2676	
2677	2668	
2677	2677	
2678	2678	
2679	308	
2679	507	
2679	716	
2679	783	
2679	970	
2679	1175	
2679	1190	
2679	1228	
2679	1969	
2679	1997	
2679	2042	
2679	2679	
2679	3054	
2679	3187	
2680	2680	
2681	2218	
2681	2681	
2682	2682	
2682	3067	
2683	2683	
2683	2874	
2683	3104	
2684	1303	
2684	1323	
2684	2684	
2684	3184	
2685	2685	
2685	2785	
2685	2876	
2686	2261	
2686	2686	
2687	1741	
2687	1915	
2687	2004	
2687	2674	
2687	2687	
2688	2114	
2688	2688	
2688	2976	
2689	2689	
2690	203	
2690	579	
2690	2690	
2690	2853	
2691	2263	
2691	2598	
2691	2691	
2691	3113	
2692	1915	
2692	2692	
2693	988	
2693	2270	
2693	2693	
2693	2696	
2694	1478	
2694	2694	
2695	2695	
2696	2270	
2696	2693	
2696	2696	
2697	2697	
2698	680	
2698	799	
2698	1477	
2698	1491	
2698	1781	
2698	2110	
2698	2556	
2698	2698	
2699	2699	
2700	2376	
2700	2700	
2701	2701	
2702	2702	
2703	2703	
2703	2886	
2704	1247	
2704	1552	
2704	1749	
2704	2356	
2704	2379	
2704	2673	
2704	2704	
2704	2945	
2704	3150	
2705	1908	
2705	2705	
2705	3185	
2706	2643	
2706	2706	
2707	1185	
2707	2707	
2707	3053	
2708	680	
2708	1477	
2708	1491	
2708	1787	
2708	2111	
2708	2534	
2708	2556	
2708	2708	
2708	3093	
2709	1425	
2709	2138	
2709	2204	
2709	2456	
2709	2477	
2709	2709	
2709	2821	
2709	3121	
2710	616	
2710	1515	
2710	2046	
2710	2710	
2710	2715	
2711	2711	
2712	2454	
2712	2712	
2713	2713	
2714	2664	
2714	2714	
2714	3075	
2715	2046	
2715	2710	
2715	2715	
2715	2716	
2715	2901	
2716	2046	
2716	2715	
2716	2716	
2717	2046	
2717	2406	
2717	2717	
2718	2046	
2718	2718	
2718	3147	
2719	210	
2719	1626	
2719	2151	
2719	2167	
2719	2210	
2719	2645	
2719	2657	
2719	2719	
2720	2720	
2721	2721	
2722	2722	
2723	210	
2723	627	
2723	731	
2723	1549	
2723	1749	
2723	1826	
2723	2651	
2723	2723	
2723	2838	
2723	2896	
2723	3039	
2723	3074	
2723	3112	
2724	2724	
2725	2725	
2726	1172	
2726	1327	
2726	1354	
2726	1488	
2726	1489	
2726	1548	
2726	2220	
2726	2221	
2726	2263	
2726	2726	
2727	2727	
2727	2952	
2728	2728	
2729	2288	
2729	2729	
2729	2801	
2730	1487	
2730	2730	
2731	2731	
2731	2799	
2731	3159	
2731	3166	
2731	3167	
2732	196	
2732	1834	
2732	2732	
2732	2896	
2732	2972	
2732	3037	
2732	3039	
2732	3043	
2732	3073	
2733	799	
2733	1781	
2733	2179	
2733	2423	
2733	2733	
2733	2786	
2734	1879	
2734	2095	
2734	2734	
2734	2902	
2734	2911	
2734	2983	
2735	2735	
2735	2823	
2736	1626	
2736	1826	
2736	1853	
2736	1972	
2736	2736	
2736	2833	
2736	2845	
2736	3112	
2737	2737	
2737	2997	
2738	1749	
2738	2080	
2738	2247	
2738	2356	
2738	2738	
2738	2777	
2738	2972	
2739	1989	
2739	2739	
2740	1749	
2740	1877	
2740	2080	
2740	2740	
2741	1526	
2741	1749	
2741	2454	
2741	2741	
2741	3016	
2741	3070	
2741	3153	
2742	2742	
2742	2844	
2742	2936	
2742	3064	
2743	2743	
2744	2744	
2745	2745	
2745	2963	
2745	3114	
2746	1665	
2746	1739	
2746	2139	
2746	2545	
2746	2746	
2746	2786	
2746	2916	
2747	2435	
2747	2747	
2747	2773	
2747	2845	
2747	2902	
2747	2955	
2748	2491	
2748	2748	
2749	2749	
2750	2750	
2751	2751	
2751	2816	
2751	2827	
2751	2828	
2751	2913	
2751	3047	
2752	2752	
2753	1185	
2753	2753	
2754	2754	
2755	2755	
2756	2607	
2756	2756	
2757	1059	
2757	2630	
2757	2757	
2757	2933	
2758	2758	
2759	2642	
2759	2759	
2760	2760	
2761	2761	
2762	2521	
2762	2762	
2763	1847	
2763	2763	
2764	2764	
2765	616	
2765	1936	
2765	1976	
2765	2046	
2765	2451	
2765	2452	
2765	2765	
2765	2976	
2766	2665	
2766	2766	
2766	2855	
2766	2954	
2766	3106	
2767	1939	
2767	2767	
2767	2844	
2767	2936	
2767	3051	
2767	3064	
2767	3109	
2768	1184	
2768	2435	
2768	2768	
2768	2845	
2768	2902	
2769	635	
2769	2769	
2770	1786	
2770	1869	
2770	1973	
2770	1992	
2770	2018	
2770	2109	
2770	2673	
2770	2770	
2770	3053	
2771	2771	
2771	2827	
2771	3116	
2772	1116	
2772	1429	
2772	2772	
2773	2747	
2773	2773	
2773	2911	
2773	2955	
2774	2774	
2775	2775	
2776	2776	
2777	2150	
2777	2738	
2777	2777	
2778	2778	
2779	2779	
2780	2780	
2781	2203	
2781	2781	
2782	2782	
2783	307	
2783	309	
2783	2783	
2783	2784	
2784	309	
2784	1729	
2784	2783	
2784	2784	
2784	2837	
2785	2433	
2785	2685	
2785	2785	
2786	2629	
2786	2733	
2786	2746	
2786	2786	
2787	1116	
2787	1429	
2787	2787	
2788	2400	
2788	2788	
2788	2910	
2789	2789	
2790	2790	
2791	2791	
2792	2267	
2792	2647	
2792	2792	
2793	1606	
2793	2793	
2794	2794	
2795	1928	
2795	1989	
2795	2274	
2795	2795	
2796	2796	
2796	2866	
2797	2797	
2798	2798	
2798	3119	
2799	2731	
2799	2799	
2799	3159	
2799	3166	
2799	3167	
2800	2800	
2801	2729	
2801	2801	
2802	1425	
2802	2802	
2803	2803	
2804	2804	
2805	2805	
2806	2806	
2807	2807	
2808	2808	
2809	2809	
2810	2810	
2811	2811	
2812	2812	
2813	2813	
2814	2814	
2815	2815	
2816	2493	
2816	2751	
2816	2816	
2816	2829	
2816	3129	
2817	2046	
2817	2817	
2817	3148	
2818	2818	
2819	2537	
2819	2819	
2820	799	
2820	2534	
2820	2820	
2821	2709	
2821	2821	
2822	2822	
2823	2735	
2823	2823	
2823	3022	
2823	3123	
2824	1491	
2824	1683	
2824	2340	
2824	2824	
2825	2419	
2825	2825	
2826	2826	
2827	2751	
2827	2771	
2827	2827	
2828	1751	
2828	2004	
2828	2751	
2828	2828	
2828	2841	
2829	2816	
2829	2829	
2829	3047	
2830	2830	
2831	2831	
2832	2832	
2833	1626	
2833	1826	
2833	2736	
2833	2833	
2833	2855	
2833	2944	
2833	3112	
2834	969	
2834	2045	
2834	2417	
2834	2466	
2834	2834	
2835	2835	
2836	2836	
2837	2784	
2837	2837	
2837	2842	
2838	210	
2838	2723	
2838	2838	
2838	3112	
2839	2839	
2839	2889	
2839	3009	
2839	3042	
2839	3065	
2839	3096	
2839	3163	
2840	1471	
2840	1746	
2840	2436	
2840	2626	
2840	2629	
2840	2840	
2840	3076	
2841	2828	
2841	2841	
2842	210	
2842	2060	
2842	2148	
2842	2192	
2842	2837	
2842	2842	
2842	3150	
2842	3184	
2843	2843	
2844	970	
2844	1059	
2844	2742	
2844	2767	
2844	2844	
2844	3051	
2844	3109	
2845	1184	
2845	2435	
2845	2598	
2845	2736	
2845	2747	
2845	2768	
2845	2845	
2846	155	
2846	2846	
2846	3041	
2847	2569	
2847	2847	
2847	3046	
2847	3098	
2848	2848	
2849	2371	
2849	2849	
2849	3032	
2849	3119	
2850	2850	
2850	3080	
2851	1877	
2851	2150	
2851	2851	
2852	1417	
2852	1771	
2852	2345	
2852	2387	
2852	2479	
2852	2852	
2853	579	
2853	2690	
2853	2853	
2854	2854	
2855	210	
2855	1549	
2855	1826	
2855	1972	
2855	2513	
2855	2766	
2855	2833	
2855	2855	
2855	2998	
2855	3106	
2856	1172	
2856	1327	
2856	1354	
2856	2053	
2856	2220	
2856	2453	
2856	2598	
2856	2856	
2856	3033	
2856	3113	
2857	731	
2857	1393	
2857	2857	
2858	2194	
2858	2858	
2858	3110	
2859	1525	
2859	1676	
2859	2859	
2859	2918	
2859	3119	
2860	492	
2860	1328	
2860	2203	
2860	2860	
2861	2861	
2861	2962	
2861	3122	
2861	3123	
2862	1728	
2862	2862	
2863	1728	
2863	1751	
2863	1901	
2863	2863	
2863	3067	
2864	2864	
2864	3000	
2864	3067	
2865	1834	
2865	2597	
2865	2865	
2865	3128	
2865	3148	
2866	2356	
2866	2597	
2866	2796	
2866	2866	
2866	2938	
2866	2946	
2866	3128	
2867	1749	
2867	2247	
2867	2379	
2867	2867	
2868	2080	
2868	2377	
2868	2380	
2868	2558	
2868	2625	
2868	2632	
2868	2868	
2868	3105	
2869	2356	
2869	2436	
2869	2869	
2869	3068	
2870	953	
2870	2377	
2870	2632	
2870	2870	
2870	2945	
2870	3128	
2871	2871	
2871	2874	
2872	2872	
2873	2873	
2874	521	
2874	1682	
2874	2227	
2874	2317	
2874	2683	
2874	2871	
2874	2874	
2875	2875	
2876	2632	
2876	2685	
2876	2876	
2877	2877	
2877	3103	
2878	2878	
2879	210	
2879	2879	
2880	2880	
2881	1751	
2881	2881	
2882	627	
2882	2198	
2882	2452	
2882	2882	
2882	2976	
2883	2195	
2883	2883	
2884	2417	
2884	2884	
2884	2908	
2884	3115	
2885	2885	
2885	3061	
2886	2301	
2886	2703	
2886	2886	
2887	1646	
2887	2111	
2887	2887	
2887	3145	
2888	616	
2888	2046	
2888	2888	
2889	2138	
2889	2388	
2889	2455	
2889	2839	
2889	2889	
2889	3042	
2889	3096	
2889	3163	
2890	2890	
2891	2375	
2891	2628	
2891	2891	
2891	3153	
2892	2892	
2893	2893	
2894	1951	
2894	2016	
2894	2894	
2895	2150	
2895	2618	
2895	2895	
2896	1834	
2896	2723	
2896	2732	
2896	2896	
2896	3039	
2897	2897	
2898	2597	
2898	2898	
2898	2946	
2899	1771	
2899	2538	
2899	2899	
2900	2900	
2901	1976	
2901	2046	
2901	2715	
2901	2901	
2902	1051	
2902	1062	
2902	1184	
2902	1211	
2902	1552	
2902	1879	
2902	2435	
2902	2596	
2902	2734	
2902	2747	
2902	2768	
2902	2902	
2903	2192	
2903	2903	
2904	2904	
2905	829	
2905	2905	
2905	3041	
2905	3126	
2905	3176	
2906	616	
2906	2906	
2907	2907	
2908	521	
2908	2505	
2908	2884	
2908	2908	
2909	2909	
2910	2400	
2910	2788	
2910	2910	
2911	273	
2911	1879	
2911	2435	
2911	2498	
2911	2734	
2911	2773	
2911	2911	
2911	2983	
2912	2150	
2912	2912	
2912	3128	
2913	2751	
2913	2913	
2914	2914	
2915	1502	
2915	1900	
2915	2915	
2916	2746	
2916	2916	
2916	3162	
2917	2917	
2918	2859	
2918	2918	
2919	2536	
2919	2593	
2919	2629	
2919	2919	
2920	1877	
2920	2920	
2921	1989	
2921	2110	
2921	2921	
2922	2438	
2922	2922	
2923	1807	
2923	1947	
2923	2923	
2924	2924	
2925	2925	
2926	2926	
2927	1537	
2927	1538	
2927	1539	
2927	1840	
2927	1841	
2927	2927	
2927	3037	
2928	1751	
2928	2277	
2928	2380	
2928	2522	
2928	2569	
2928	2928	
2929	2929	
2929	3184	
2930	2930	
2931	2931	
2932	2932	
2933	2630	
2933	2757	
2933	2933	
2934	2934	
2934	3184	
2935	2935	
2936	2742	
2936	2767	
2936	2936	
2936	3064	
2937	2138	
2937	2937	
2938	2866	
2938	2938	
2939	2204	
2939	2558	
2939	2939	
2939	3031	
2939	3105	
2939	3148	
2939	3150	
2940	2940	
2940	3150	
2941	1471	
2941	2356	
2941	2558	
2941	2651	
2941	2941	
2941	3150	
2942	2942	
2943	1834	
2943	2943	
2943	3150	
2944	2833	
2944	2944	
2944	2998	
2945	1947	
2945	2704	
2945	2870	
2945	2945	
2946	2150	
2946	2866	
2946	2898	
2946	2946	
2947	2947	
2948	2948	
2949	2949	
2950	2219	
2950	2950	
2951	2380	
2951	2951	
2952	142	
2952	162	
2952	163	
2952	192	
2952	2185	
2952	2727	
2952	2952	
2953	2953	
2953	3020	
2954	2665	
2954	2766	
2954	2954	
2954	3106	
2955	1184	
2955	2435	
2955	2596	
2955	2747	
2955	2773	
2955	2955	
2956	1379	
2956	2651	
2956	2956	
2956	3049	
2957	2046	
2957	2957	
2957	3049	
2958	2356	
2958	2958	
2958	3030	
2958	3031	
2958	3049	
2959	2046	
2959	2959	
2960	2960	
2960	3049	
2961	721	
2961	2961	
2962	2861	
2962	2962	
2962	3122	
2962	3123	
2963	2745	
2963	2963	
2964	2964	
2965	2046	
2965	2451	
2965	2965	
2965	3168	
2965	3169	
2966	2524	
2966	2966	
2967	2151	
2967	2967	
2968	2388	
2968	2455	
2968	2968	
2968	3042	
2969	2969	
2970	2970	
2971	1835	
2971	1974	
2971	2534	
2971	2971	
2972	970	
2972	2204	
2972	2597	
2972	2732	
2972	2738	
2972	2972	
2972	3030	
2973	2973	
2973	3156	
2974	2109	
2974	2251	
2974	2974	
2975	2594	
2975	2975	
2976	2688	
2976	2765	
2976	2882	
2976	2976	
2977	2485	
2977	2977	
2978	1935	
2978	2978	
2978	3058	
2978	3063	
2979	2979	
2980	2523	
2980	2980	
2981	2457	
2981	2981	
2981	3014	
2982	1491	
2982	1836	
2982	2340	
2982	2982	
2983	2734	
2983	2911	
2983	2983	
2984	1908	
2984	2984	
2985	2485	
2985	2985	
2986	1491	
2986	1683	
2986	1836	
2986	2179	
2986	2340	
2986	2986	
2987	421	
2987	524	
2987	1326	
2987	1630	
2987	2125	
2987	2547	
2987	2633	
2987	2987	
2987	3165	
2988	1750	
2988	2988	
2988	3059	
2988	3070	
2989	1069	
2989	2138	
2989	2989	
2989	3025	
2990	2990	
2990	3134	
2991	1785	
2991	2107	
2991	2203	
2991	2991	
2992	2992	
2993	2993	
2994	2994	
2995	2995	
2996	1751	
2996	2373	
2996	2595	
2996	2996	
2997	2737	
2997	2997	
2997	3151	
2998	2855	
2998	2944	
2998	2998	
2998	3106	
2999	2999	
3000	1879	
3000	2095	
3000	2864	
3000	3000	
3001	2033	
3001	2139	
3001	3001	
3002	3002	
3002	3168	
3003	1659	
3003	1678	
3003	1927	
3003	1945	
3003	2097	
3003	2147	
3003	2163	
3003	2187	
3003	2329	
3003	2345	
3003	2367	
3003	2407	
3003	2478	
3003	2479	
3003	2480	
3003	2538	
3003	3003	
3003	3130	
3004	1425	
3004	2247	
3004	2356	
3004	2456	
3004	3004	
3004	3186	
3005	2138	
3005	3005	
3006	1751	
3006	1884	
3006	2373	
3006	2374	
3006	2595	
3006	3006	
3006	3067	
3007	3007	
3008	209	
3008	3008	
3009	2839	
3009	3009	
3009	3096	
3009	3163	
3010	3010	
3011	2075	
3011	2302	
3011	2345	
3011	2485	
3011	3011	
3012	3012	
3013	3013	
3014	1834	
3014	2981	
3014	3014	
3014	3157	
3015	3015	
3016	1901	
3016	2741	
3016	3016	
3017	2629	
3017	3017	
3018	3018	
3019	3019	
3020	2953	
3020	3020	
3021	3021	
3021	3038	
3021	3111	
3021	3177	
3022	2823	
3022	3022	
3022	3123	
3023	3023	
3024	3024	
3025	2138	
3025	2989	
3025	3025	
3026	3026	
3027	3027	
3027	3028	
3028	3027	
3028	3028	
3029	3029	
3030	2247	
3030	2356	
3030	2457	
3030	2651	
3030	2958	
3030	2972	
3030	3030	
3031	2939	
3031	2958	
3031	3031	
3032	2849	
3032	3032	
3033	2856	
3033	3033	
3034	1684	
3034	2053	
3034	2517	
3034	3034	
3035	2485	
3035	3035	
3036	3036	
3037	2732	
3037	2927	
3037	3037	
3038	3021	
3038	3038	
3038	3158	
3039	2723	
3039	2732	
3039	2896	
3039	3039	
3040	1145	
3040	3040	
3041	2846	
3041	2905	
3041	3041	
3042	2455	
3042	2839	
3042	2889	
3042	2968	
3042	3042	
3043	2597	
3043	2732	
3043	3043	
3044	1303	
3044	3044	
3045	1477	
3045	1491	
3045	2534	
3045	3045	
3046	2569	
3046	2847	
3046	3046	
3046	3098	
3047	2751	
3047	2829	
3047	3047	
3048	3048	
3049	2956	
3049	2957	
3049	2958	
3049	2960	
3049	3049	
3050	2345	
3050	2387	
3050	3050	
3051	2767	
3051	2844	
3051	3051	
3052	1901	
3052	3052	
3053	1329	
3053	1785	
3053	1973	
3053	1992	
3053	2107	
3053	2109	
3053	2412	
3053	2543	
3053	2673	
3053	2707	
3053	2770	
3053	3053	
3054	307	
3054	308	
3054	309	
3054	776	
3054	1175	
3054	1880	
3054	1919	
3054	1969	
3054	1980	
3054	1997	
3054	2017	
3054	2679	
3054	3054	
3055	3055	
3055	3170	
3056	3056	
3057	3057	
3058	2978	
3058	3058	
3059	1685	
3059	2988	
3059	3059	
3060	987	
3060	1900	
3060	2154	
3060	3060	
3061	2885	
3061	3061	
3062	1871	
3062	1925	
3062	3062	
3063	2978	
3063	3063	
3064	1846	
3064	1939	
3064	2742	
3064	2767	
3064	2936	
3064	3064	
3065	2839	
3065	3065	
3065	3096	
3065	3163	
3066	3066	
3067	1751	
3067	2373	
3067	2374	
3067	2595	
3067	2682	
3067	2863	
3067	2864	
3067	3006	
3067	3067	
3068	1834	
3068	2869	
3068	3068	
3068	3105	
3069	3069	
3069	3184	
3070	1805	
3070	2454	
3070	2741	
3070	2988	
3070	3070	
3071	2165	
3071	3071	
3072	1713	
3072	2219	
3072	2245	
3072	2375	
3072	3072	
3073	196	
3073	799	
3073	2732	
3073	3073	
3073	3148	
3073	3150	
3073	3155	
3074	1826	
3074	1853	
3074	1972	
3074	2723	
3074	3074	
3075	2289	
3075	2557	
3075	2664	
3075	2714	
3075	3075	
3075	3156	
3076	2607	
3076	2840	
3076	3076	
3076	3142	
3076	3178	
3076	3179	
3076	3182	
3076	3183	
3077	210	
3077	1834	
3077	2060	
3077	2457	
3077	3077	
3078	3078	
3079	3079	
3080	210	
3080	2850	
3080	3080	
3081	2438	
3081	3081	
3082	3082	
3082	3128	
3083	1328	
3083	1973	
3083	2107	
3083	2543	
3083	2552	
3083	3083	
3084	3084	
3085	2557	
3085	3085	
3086	3086	
3087	1989	
3087	2046	
3087	3087	
3088	3088	
3089	2599	
3089	3089	
3090	3090	
3090	3117	
3091	1792	
3091	3091	
3092	3092	
3093	680	
3093	1491	
3093	2179	
3093	2708	
3093	3093	
3094	1265	
3094	2179	
3094	2645	
3094	3094	
3095	3095	
3096	2839	
3096	2889	
3096	3009	
3096	3065	
3096	3096	
3096	3163	
3097	2496	
3097	3097	
3098	2569	
3098	2847	
3098	3046	
3098	3098	
3099	1313	
3099	2031	
3099	3099	
3100	3100	
3101	2138	
3101	2193	
3101	2438	
3101	3101	
3101	3185	
3102	3102	
3103	1860	
3103	2877	
3103	3103	
3104	2457	
3104	2683	
3104	3104	
3104	3170	
3105	1471	
3105	2625	
3105	2632	
3105	2868	
3105	2939	
3105	3068	
3105	3105	
3106	210	
3106	1549	
3106	1972	
3106	2665	
3106	2766	
3106	2855	
3106	2954	
3106	2998	
3106	3106	
3107	2569	
3107	3107	
3108	3108	
3109	2767	
3109	2844	
3109	3109	
3110	2194	
3110	2629	
3110	2858	
3110	3110	
3111	3021	
3111	3111	
3111	3158	
3112	106	
3112	731	
3112	1380	
3112	1826	
3112	1972	
3112	2438	
3112	2723	
3112	2736	
3112	2833	
3112	2838	
3112	3112	
3113	1354	
3113	2263	
3113	2598	
3113	2691	
3113	2856	
3113	3113	
3114	1502	
3114	2499	
3114	2745	
3114	3114	
3115	579	
3115	785	
3115	907	
3115	2045	
3115	2417	
3115	2466	
3115	2884	
3115	3115	
3116	2771	
3116	3116	
3116	3172	
3117	3090	
3117	3117	
3118	3118	
3119	2245	
3119	2798	
3119	2849	
3119	2859	
3119	3119	
3120	3120	
3121	308	
3121	309	
3121	1312	
3121	2456	
3121	2709	
3121	3121	
3122	2861	
3122	2962	
3122	3122	
3123	2823	
3123	2861	
3123	2962	
3123	3022	
3123	3123	
3124	1469	
3124	3124	
3125	3125	
3126	2905	
3126	3126	
3127	2080	
3127	2277	
3127	3127	
3128	2150	
3128	2376	
3128	2436	
3128	2597	
3128	2865	
3128	2866	
3128	2870	
3128	2912	
3128	3082	
3128	3128	
3129	2493	
3129	2816	
3129	3129	
3130	1771	
3130	3003	
3130	3130	
3131	893	
3131	1148	
3131	3131	
3132	2215	
3132	3132	
3133	3133	
3133	3154	
3134	1976	
3134	2160	
3134	2524	
3134	2990	
3134	3134	
3135	2521	
3135	3135	
3136	3136	
3137	3137	
3138	1313	
3138	3138	
3139	3139	
3140	3140	
3140	3178	
3141	3141	
3142	2583	
3142	3076	
3142	3142	
3142	3178	
3143	1834	
3143	2227	
3143	3143	
3144	1471	
3144	2298	
3144	2491	
3144	2597	
3144	2624	
3144	2625	
3144	2632	
3144	3144	
3145	2887	
3145	3145	
3146	3146	
3147	2718	
3147	3147	
3148	1860	
3148	2817	
3148	2865	
3148	2939	
3148	3073	
3148	3148	
3148	3150	
3149	3149	
3150	2060	
3150	2704	
3150	2842	
3150	2939	
3150	2940	
3150	2941	
3150	2943	
3150	3073	
3150	3148	
3150	3150	
3151	2997	
3151	3151	
3152	1924	
3152	2365	
3152	3152	
3153	2741	
3153	2891	
3153	3153	
3154	2046	
3154	2110	
3154	3133	
3154	3154	
3155	799	
3155	2204	
3155	2247	
3155	3073	
3155	3155	
3156	2289	
3156	2973	
3156	3075	
3156	3156	
3157	3014	
3157	3157	
3158	2436	
3158	3038	
3158	3111	
3158	3158	
3159	2731	
3159	2799	
3159	3159	
3159	3166	
3160	3160	
3161	3161	
3162	2916	
3162	3162	
3163	2839	
3163	2889	
3163	3009	
3163	3065	
3163	3096	
3163	3163	
3164	1712	
3164	3164	
3165	1326	
3165	2987	
3165	3165	
3166	1411	
3166	2731	
3166	2799	
3166	3159	
3166	3166	
3166	3167	
3167	2731	
3167	2799	
3167	3166	
3167	3167	
3168	2965	
3168	3002	
3168	3168	
3169	2965	
3169	3169	
3170	3055	
3170	3104	
3170	3170	
3171	3171	
3172	3116	
3172	3172	
3173	3173	
3174	2629	
3174	3174	
3175	3175	
3176	2905	
3176	3176	
3177	3021	
3177	3177	
3178	3076	
3178	3140	
3178	3142	
3178	3178	
3178	3179	
3178	3180	
3178	3181	
3178	3182	
3179	2572	
3179	2607	
3179	3076	
3179	3178	
3179	3179	
3180	3178	
3180	3180	
3181	3178	
3181	3181	
3182	3076	
3182	3178	
3182	3182	
3183	3076	
3183	3183	
3184	557	
3184	669	
3184	679	
3184	691	
3184	761	
3184	949	
3184	989	
3184	1086	
3184	1132	
3184	1198	
3184	1234	
3184	1263	
3184	1265	
3184	1270	
3184	1323	
3184	1358	
3184	1379	
3184	1380	
3184	1453	
3184	1464	
3184	1484	
3184	1491	
3184	1498	
3184	1613	
3184	1614	
3184	1749	
3184	1781	
3184	1825	
3184	1860	
3184	2083	
3184	2178	
3184	2179	
3184	2252	
3184	2325	
3184	2341	
3184	2546	
3184	2645	
3184	2652	
3184	2684	
3184	2842	
3184	2929	
3184	2934	
3184	3069	
3184	3184	
3185	303	
3185	438	
3185	2705	
3185	3101	
3185	3185	
3186	2193	
3186	2326	
3186	2477	
3186	2541	
3186	2594	
3186	3004	
3186	3186	
3187	1919	
3187	2679	
3187	3187	
3188	612	
3188	1594	
3188	1781	
3188	3188	
3189	1788	
3189	3189	
3190	2387	
3190	3190	
3191	2189	
3191	3191	
3192	1083	
3192	3192	
3193	491	
3193	1083	
3193	3193	
3194	204	
3194	3194	
3195	690	
3195	3195	
3196	1071	
3196	3196	
3197	689	
3197	3197	
3198	1542	
3198	3198	
3199	1396	
3199	3199	
3200	1396	
3200	3200	
3201	1396	
3201	3201	
3202	1396	
3202	3202	
3203	1396	
3203	3203	
3204	1396	
3204	3204	
