0 0
0 99
0 122
0 163
0 204
0 209
0 213
0 397
0 641
0 668
0 1981
1 1
2 2
3 3
4 4
5 5
5 476
6 6
7 7
8 8
9 9
10 10
10 1780
10 1987
11 11
12 12
13 13
13 380
13 1158
13 1987
14 14
14 74
15 15
15 38
16 16
16 82
16 1133
17 17
18 18
19 19
20 20
20 678
21 21
22 22
23 23
24 24
25 25
25 847
26 26
27 27
28 28
29 29
30 30
31 31
32 32
33 33
34 34
34 847
35 35
36 36
37 37
38 15
38 38
39 39
40 40
40 66
41 41
42 42
42 204
43 43
43 76
43 221
43 363
44 44
44 727
45 45
45 167
45 490
46 46
47 47
48 48
49 49
50 50
50 248
51 51
52 52
52 213
53 53
53 92
54 54
54 404
55 55
56 56
57 57
57 214
58 58
59 59
60 60
61 61
62 62
63 63
63 205
63 206
64 64
65 65
66 40
66 66
66 78
67 67
67 1204
68 68
69 69
70 70
71 71
72 72
73 73
73 851
73 863
73 864
73 1918
74 14
74 74
74 93
75 75
76 43
76 76
76 363
76 404
76 437
76 560
76 1133
76 1140
77 77
78 66
78 78
79 79
80 80
81 81
81 221
81 798
82 16
82 82
82 1348
83 83
84 84
84 1147
85 85
86 86
86 87
86 2332
87 86
87 87
87 2332
88 88
89 89
89 106
90 90
90 213
90 1592
91 91
92 53
92 92
92 404
93 74
93 93
94 94
95 95
96 96
97 97
97 223
97 363
98 98
99 0
99 99
99 363
100 100
101 101
102 102
103 103
104 104
105 105
105 209
105 626
105 1049
105 1392
105 1548
105 2022
105 3111
106 89
106 106
106 1025
106 1257
106 1291
106 1496
107 107
107 360
108 108
109 109
110 110
111 111
112 112
113 113
114 114
115 115
116 116
117 117
118 118
119 119
119 174
120 120
120 220
121 121
121 296
122 0
122 122
122 164
122 195
122 636
122 1780
123 123
123 2132
123 2133
124 124
124 1815
125 125
126 126
127 127
128 128
129 129
130 130
131 131
132 132
133 133
133 1908
134 134
135 135
136 136
137 137
138 138
139 139
139 151
139 195
140 140
141 141
141 161
141 162
141 191
141 361
141 2951
142 142
143 143
144 144
144 1269
144 1901
145 145
146 146
147 147
148 148
149 149
150 150
151 139
151 151
151 453
151 1318
152 152
152 753
153 153
154 154
154 848
154 943
154 2845
155 155
156 156
157 157
158 158
159 159
160 160
161 141
161 161
161 2951
162 141
162 162
162 2951
163 0
163 163
164 122
164 164
164 636
165 165
166 166
167 45
167 167
167 490
167 1712
167 1900
168 168
169 169
170 170
171 171
172 172
173 173
174 119
174 174
175 175
176 176
177 177
177 1666
178 178
179 179
180 180
181 181
182 182
183 183
184 184
184 490
184 1712
184 1900
185 185
186 186
187 187
188 188
189 189
190 190
191 141
191 191
191 2951
192 192
193 193
194 194
195 122
195 139
195 195
195 248
195 253
195 271
195 320
195 434
195 436
195 462
195 482
195 490
195 559
195 582
195 626
195 630
195 631
195 641
195 643
195 652
195 679
195 760
195 761
195 762
195 918
195 988
195 1101
195 1108
195 1139
195 1187
195 1305
195 1463
195 1490
195 1766
195 1780
195 1786
195 1948
195 2058
195 2125
195 2731
195 3072
196 196
197 197
198 198
199 199
200 200
201 201
201 930
202 202
202 2689
203 203
203 3193
204 0
204 42
204 204
204 1357
204 1564
204 1780
204 1787
205 63
205 205
205 643
206 63
206 206
206 643
207 207
207 377
208 208
208 377
208 730
208 797
208 1049
208 1101
208 3007
209 0
209 105
209 209
209 377
209 626
209 1023
209 1050
209 1101
209 1131
209 1389
209 1485
209 1548
209 1705
209 1825
209 1877
209 2059
209 2154
209 2167
209 2718
209 2722
209 2837
209 2841
209 2854
209 2878
209 3076
209 3079
209 3105
210 210
211 211
212 212
213 0
213 52
213 90
213 213
214 57
214 214
215 215
216 216
216 322
216 688
217 217
218 218
219 219
220 120
220 220
221 43
221 81
221 221
222 222
223 97
223 223
223 266
223 363
223 404
223 437
223 762
223 1138
223 1140
223 1214
223 1222
223 1646
223 1780
223 1786
223 1791
224 224
225 225
226 226
227 227
228 228
229 229
229 332
230 230
231 231
231 851
231 863
232 232
233 233
234 234
235 235
235 1348
236 236
237 237
237 632
237 642
238 238
239 239
240 240
241 241
242 242
243 243
244 244
244 1221
245 245
246 246
247 247
248 50
248 195
248 248
248 302
248 437
248 761
248 1424
248 1780
249 249
249 319
249 752
249 1236
249 2219
250 250
251 251
252 252
253 195
253 253
253 320
253 386
253 793
254 254
255 255
256 256
257 257
258 258
259 259
260 260
261 261
262 262
263 263
263 478
264 264
264 463
264 719
265 265
266 223
266 266
266 1322
267 267
268 268
269 269
269 677
270 270
270 559
270 971
270 1773
271 195
271 271
272 272
272 971
272 2910
273 273
273 487
273 1753
273 2357
274 274
275 275
275 971
275 1470
276 276
277 277
278 278
278 656
279 279
280 280
281 281
282 282
283 283
283 963
283 1395
284 284
285 285
286 286
287 287
287 728
287 988
287 1780
288 288
289 289
290 290
291 291
292 292
293 293
294 294
295 295
295 1392
296 121
296 296
297 297
298 298
298 478
298 861
298 862
298 2145
299 299
299 637
300 300
301 301
302 248
302 302
302 437
302 3184
303 303
304 304
305 305
306 306
306 2226
306 2782
306 3053
307 307
307 1174
307 1918
307 1968
307 1996
307 2190
307 2387
307 2678
307 3053
307 3120
308 308
308 863
308 1918
308 2190
308 2387
308 2782
308 2783
308 3053
308 3120
309 309
309 1221
310 310
310 1523
310 1930
310 2213
310 2543
311 311
312 312
313 313
314 314
315 315
315 1071
315 1780
316 316
316 496
316 866
317 317
318 318
318 379
319 249
319 319
319 1236
320 195
320 253
320 320
320 399
320 400
320 401
320 1233
321 321
322 216
322 322
322 688
322 1348
323 323
323 1351
323 1981
323 2039
324 324
325 325
326 326
326 1666
327 327
328 328
328 633
328 1086
329 329
330 330
331 331
331 910
331 1270
331 1784
331 2542
331 2551
332 229
332 332
333 333
334 334
335 335
336 336
337 337
338 338
339 339
339 1610
340 340
341 341
342 342
343 343
344 344
345 345
346 346
347 347
348 348
349 349
350 350
351 351
352 352
353 353
354 354
355 355
356 356
357 357
358 358
359 359
359 1945
360 107
360 360
361 141
361 361
362 362
363 43
363 76
363 97
363 99
363 223
363 363
364 364
365 365
366 366
366 440
366 757
366 1049
366 1225
367 367
368 368
369 369
370 370
371 371
372 372
373 373
374 374
375 375
375 1753
376 376
376 1840
376 2119
377 207
377 208
377 209
377 377
377 1050
377 1551
377 1664
377 1859
377 2154
378 378
379 318
379 379
380 13
380 380
380 1780
380 1987
381 381
382 382
383 383
384 384
384 1233
385 385
385 1145
386 253
386 386
387 387
388 388
389 389
390 390
391 391
392 392
392 560
393 393
394 394
395 395
395 930
396 396
396 928
397 0
397 397
397 1780
398 398
398 555
398 798
398 1138
398 1946
399 320
399 399
399 1233
400 320
400 400
401 320
401 401
401 1233
402 402
403 403
403 463
403 583
403 630
403 652
403 679
403 762
403 794
403 798
403 944
403 1045
403 1104
403 1138
403 1139
403 1233
403 1262
403 1264
403 1495
403 1780
403 1823
403 2125
403 2545
404 54
404 76
404 92
404 223
404 404
404 435
404 1222
404 1387
405 405
405 1050
405 1101
405 1548
406 406
406 678
406 1082
406 1395
407 407
407 1133
407 1178
407 1860
408 408
408 656
409 409
409 668
409 1780
410 410
411 411
411 762
412 412
413 413
414 414
414 1348
415 415
415 1048
416 416
417 417
418 418
419 419
420 420
420 1803
420 2986
421 421
422 422
423 423
424 424
425 425
426 426
427 427
428 428
428 1351
428 2047
428 2073
428 2092
428 2549
429 429
430 430
431 431
432 432
433 433
434 195
434 434
434 614
434 1052
435 404
435 435
435 818
435 1619
436 195
436 436
436 1613
436 2252
436 2556
437 76
437 223
437 248
437 302
437 437
437 1138
437 3184
438 438
439 439
439 618
439 2338
440 366
440 440
440 757
440 1722
441 441
442 442
443 443
444 444
445 445
446 446
447 447
448 448
449 449
449 2030
450 450
451 451
452 452
453 151
453 453
453 585
453 805
453 1176
454 454
455 455
455 1189
456 456
457 457
458 458
459 459
460 460
461 461
461 1324
462 195
462 462
462 1305
462 1780
463 264
463 403
463 463
463 719
463 758
463 1061
463 1120
463 1138
463 1264
463 1780
464 464
465 465
466 466
467 467
468 468
469 469
470 470
471 471
471 2074
472 472
473 473
473 719
473 1052
474 474
474 1962
475 475
476 5
476 476
477 477
478 263
478 298
478 478
478 859
478 861
479 479
480 480
481 481
482 195
482 482
482 761
482 948
482 1101
482 1141
482 1780
482 1944
483 483
484 484
484 1156
485 485
486 486
487 273
487 487
488 488
489 489
490 45
490 167
490 184
490 195
490 490
490 795
490 3192
491 491
491 910
491 1784
491 2202
491 2859
492 492
492 615
492 1135
493 493
494 494
495 495
495 1046
496 316
496 496
496 866
497 497
498 498
499 499
500 500
500 2348
501 501
502 502
503 503
504 504
505 505
506 506
506 2678
507 507
508 508
509 509
510 510
510 1706
511 511
512 512
513 513
514 514
515 515
516 516
517 517
517 2081
518 518
519 519
520 520
520 2043
520 2188
520 2416
520 2504
520 2873
520 2907
521 521
522 522
523 523
523 1803
523 2986
524 524
525 525
526 526
527 527
527 1329
528 528
529 529
530 530
531 531
531 950
531 1014
531 1345
531 1439
531 1644
532 532
533 533
534 534
534 1805
535 535
536 536
537 537
538 538
539 539
540 540
541 541
542 542
543 543
544 544
545 545
546 546
547 547
548 548
549 549
550 550
551 551
552 552
553 553
554 554
555 398
555 555
556 556
556 1420
556 3183
557 557
558 558
559 195
559 270
559 559
560 76
560 392
560 560
560 963
560 1027
560 1215
560 1391
560 1395
561 561
562 562
563 563
564 564
565 565
566 566
567 567
568 568
569 569
569 1351
570 570
571 571
572 572
573 573
574 574
575 575
575 1845
575 2629
575 2649
576 576
576 1835
577 577
578 578
578 2689
578 2852
578 3114
579 579
580 580
581 581
582 195
582 582
583 403
583 583
583 948
583 1780
583 1944
584 584
585 453
585 585
586 586
586 1039
587 587
588 588
589 589
590 590
591 591
592 592
593 593
594 594
595 595
596 596
597 597
598 598
599 599
599 1780
600 600
601 601
602 602
602 1083
603 603
604 604
605 605
606 606
607 607
608 608
609 609
610 610
611 611
611 3187
612 612
612 2348
613 613
614 434
614 614
614 848
615 492
615 615
615 728
615 1134
615 1135
615 2709
615 2764
615 2887
615 2905
616 616
617 617
618 439
618 618
618 1111
618 1591
618 2110
618 2338
619 619
620 620
620 1039
620 1351
620 2039
621 621
622 622
623 623
624 624
625 625
626 105
626 195
626 209
626 626
626 730
626 792
626 1049
626 1548
626 2722
626 2881
627 627
628 628
629 629
630 195
630 403
630 630
630 762
630 1138
630 1264
630 1664
631 195
631 631
632 237
632 632
632 642
633 328
633 633
633 930
633 1323
634 634
634 1150
634 1264
634 2768
635 635
635 1116
636 122
636 164
636 636
637 299
637 637
638 638
639 639
640 640
641 0
641 195
641 641
641 1172
641 1187
642 237
642 632
642 642
643 195
643 205
643 206
643 643
643 1083
644 644
645 645
646 646
647 647
648 648
649 649
650 650
651 651
651 1323
652 195
652 403
652 652
652 891
652 1323
653 653
654 654
654 1144
655 655
655 891
655 1308
656 278
656 408
656 656
656 1135
657 657
658 658
658 758
659 659
660 660
661 661
662 662
663 663
664 664
665 665
665 1915
666 666
667 667
668 0
668 409
668 668
668 1083
668 1378
668 1624
668 1944
668 3183
669 669
670 670
671 671
672 672
673 673
674 674
675 675
676 676
676 860
676 1637
676 2175
676 2271
677 269
677 677
677 1029
677 1885
677 1938
678 20
678 406
678 678
678 3183
679 195
679 403
679 679
679 1224
679 1349
679 1645
679 1780
679 1944
679 2649
679 2697
679 2707
679 3092
680 680
681 681
682 682
683 683
684 684
685 685
686 686
687 687
688 216
688 322
688 688
688 3196
689 689
689 889
689 928
689 3194
690 690
690 822
690 1780
690 3183
691 691
692 692
693 693
694 694
695 695
696 696
697 697
697 1180
698 698
698 2632
699 699
700 700
701 701
702 702
703 703
704 704
705 705
706 706
706 1582
707 707
708 708
709 709
710 710
711 711
712 712
713 713
713 1156
713 1778
713 1919
713 1943
713 1986
713 2547
714 714
715 715
715 2678
716 716
717 717
717 1052
718 718
719 264
719 463
719 473
719 719
719 1052
720 720
720 2960
721 721
722 722
723 723
724 724
725 725
726 726
727 44
727 727
727 919
727 1329
727 1347
727 2314
728 287
728 615
728 728
728 1036
728 1233
728 1357
728 1490
729 729
729 1082
729 1395
730 208
730 626
730 730
730 1023
730 1050
730 1097
730 1213
730 1379
730 1387
730 1392
730 1484
730 1486
730 1548
730 1569
730 1877
730 1945
730 1956
730 2167
730 2722
730 2856
730 3111
731 731
732 732
733 733
734 734
735 735
736 736
737 737
738 738
739 739
740 740
741 741
742 742
743 743
744 744
745 745
746 746
746 2442
747 747
748 748
749 749
749 1962
750 750
751 751
752 249
752 752
752 1236
752 1548
752 1563
752 2452
753 152
753 753
754 754
754 2566
755 755
756 756
756 1889
757 366
757 440
757 757
758 463
758 658
758 758
758 963
758 1120
759 759
760 195
760 760
760 946
760 1378
760 3183
761 195
761 248
761 482
761 761
762 195
762 223
762 403
762 411
762 630
762 762
762 1214
762 1780
762 1786
762 1944
762 2602
763 763
764 764
765 765
766 766
767 767
768 768
769 769
770 770
771 771
772 772
772 2060
773 773
773 2348
774 774
775 775
775 3053
776 776
777 777
777 1817
778 778
779 779
780 780
781 781
782 782
782 2678
783 783
784 784
784 2268
784 3114
785 785
785 1351
785 2047
785 2073
786 786
787 787
788 788
789 789
790 790
790 1083
791 791
792 626
792 792
792 1050
793 253
793 793
793 1050
793 1061
794 403
794 794
794 930
795 490
795 795
796 796
796 1083
797 208
797 797
798 81
798 398
798 403
798 798
798 944
798 1322
798 1357
798 1379
798 1664
798 1780
798 1786
798 1988
798 2111
798 2533
798 2540
798 2697
798 2732
798 2819
798 3072
798 3154
799 799
799 1470
799 1773
800 800
801 801
802 802
803 803
804 804
805 453
805 805
805 931
806 806
807 807
808 808
809 809
810 810
811 811
812 812
813 813
814 814
815 815
816 816
817 817
818 435
818 818
818 1619
819 819
820 820
821 821
822 690
822 822
822 1944
822 2125
823 823
824 824
825 825
825 941
825 1117
826 826
827 827
828 828
828 2904
829 829
829 1178
829 1287
829 1543
829 1645
829 2110
829 2533
829 2555
829 2649
830 830
830 1582
831 831
832 832
833 833
833 1351
833 2047
833 2073
833 2092
834 834
835 835
835 1156
836 836
837 837
838 838
839 839
840 840
841 841
842 842
843 843
844 844
845 845
846 846
847 25
847 34
847 847
848 154
848 614
848 848
848 1049
848 1934
848 1935
848 2016
848 2031
848 2256
848 2359
848 2450
848 2451
849 849
849 2016
850 850
850 857
850 864
850 2016
851 73
851 231
851 851
851 2016
852 852
852 2016
853 853
853 1955
853 2016
854 854
854 2016
855 855
855 2016
856 856
856 2016
857 850
857 857
857 2016
858 858
858 2016
859 478
859 859
859 860
859 2016
860 676
860 859
860 860
860 861
860 1116
860 2016
860 2145
861 298
861 478
861 860
861 861
861 1116
861 2016
861 2145
862 298
862 862
862 2016
862 2145
863 73
863 231
863 308
863 863
863 1174
863 1918
863 2016
863 2040
863 2215
864 73
864 850
864 864
864 2016
865 865
865 2016
866 316
866 496
866 866
867 867
867 1083
868 868
869 869
870 870
870 1799
871 871
871 1351
871 2073
871 2092
872 872
873 873
874 874
875 875
876 876
877 877
877 1945
878 878
878 1523
879 879
880 880
881 881
882 882
883 883
884 884
884 1039
885 885
886 886
887 887
887 2589
888 888
889 689
889 889
890 890
891 652
891 655
891 891
892 892
892 3130
893 893
893 1110
894 894
895 895
896 896
897 897
898 898
899 899
900 900
901 901
901 1945
902 902
903 903
904 904
905 905
906 906
906 3114
907 907
908 908
908 1962
909 909
910 331
910 491
910 910
910 1784
910 2202
910 2551
911 911
911 1013
912 912
913 913
913 1944
914 914
914 1944
915 915
916 916
916 1067
916 1944
917 917
918 195
918 918
918 1780
919 727
919 919
920 920
921 921
922 922
923 923
924 924
925 925
926 926
927 927
928 396
928 689
928 928
929 929
930 201
930 395
930 633
930 794
930 930
930 2615
931 805
931 931
932 932
933 933
934 934
935 935
936 936
937 937
938 938
939 939
939 1072
939 1152
940 940
941 825
941 941
941 947
941 1117
942 942
943 154
943 943
943 1233
943 2450
944 403
944 798
944 944
945 945
945 1948
946 760
946 946
947 941
947 947
948 482
948 583
948 948
948 3183
949 949
950 531
950 950
950 1345
951 951
952 952
952 2869
953 953
954 954
955 955
956 956
957 957
958 958
959 959
960 960
961 961
961 1439
961 1931
961 2158
962 962
962 1652
963 283
963 560
963 758
963 963
963 1333
963 1395
963 1443
964 964
965 965
966 966
966 1582
967 967
968 968
968 2833
969 969
969 2041
969 2221
969 2355
969 2678
969 2843
969 2971
970 970
971 270
971 272
971 275
971 971
972 972
972 1277
973 973
974 974
974 1250
975 975
976 976
977 977
978 978
979 979
980 980
981 981
981 1591
982 982
983 983
983 1704
983 1944
983 2033
984 984
985 985
985 1704
986 986
986 1612
986 1645
986 1899
986 1954
986 2024
986 2153
986 2364
986 2505
986 3059
987 987
987 1844
987 1899
987 2082
987 2153
987 2269
987 2692
988 195
988 287
988 988
988 1262
988 1452
988 1944
988 3183
989 989
989 1780
989 1944
989 2340
990 990
991 991
992 992
993 993
994 994
995 995
995 2043
996 996
996 1710
997 997
998 998
999 999
1000 1000
1000 1710
1001 1001
1002 1002
1003 1003
1004 1004
1005 1005
1005 1787
1006 1006
1006 1780
1006 1787
1007 1007
1007 2051
1008 1008
1009 1009
1010 1010
1011 1011
1011 1224
1011 1349
1011 1944
1012 1012
1012 1608
1012 2051
1013 911
1013 1013
1014 531
1014 1014
1015 1015
1016 1016
1017 1017
1018 1018
1019 1019
1019 1704
1020 1020
1021 1021
1021 2030
1022 1022
1022 1129
1022 1908
1022 2118
1023 209
1023 730
1023 1023
1024 1024
1024 1214
1024 1681
1025 106
1025 1025
1025 1257
1025 1291
1025 1496
1025 1974
1025 2604
1026 1026
1027 560
1027 1027
1027 1028
1027 1215
1027 1277
1027 1346
1027 1395
1028 1027
1028 1028
1028 1215
1028 1277
1028 1346
1028 1395
1028 1535
1029 677
1029 1029
1029 1260
1029 1938
1030 1030
1031 1031
1032 1032
1033 1033
1034 1034
1034 1304
1035 1035
1036 728
1036 1036
1037 1037
1038 1038
1039 586
1039 620
1039 884
1039 1039
1039 1351
1039 2414
1040 1040
1041 1041
1042 1042
1043 1043
1043 1331
1044 1044
1044 1403
1045 403
1045 1045
1045 1780
1046 495
1046 1046
1046 1706
1047 1047
1048 415
1048 1048
1049 105
1049 208
1049 366
1049 626
1049 848
1049 1049
1050 209
1050 377
1050 405
1050 730
1050 792
1050 793
1050 1050
1050 1210
1050 1548
1050 1905
1050 2901
1051 1051
1051 1327
1051 1332
1051 2143
1052 434
1052 473
1052 717
1052 719
1052 1052
1052 1648
1053 1053
1054 1054
1055 1055
1056 1056
1057 1057
1058 1058
1058 2756
1058 2843
1059 1059
1060 1060
1061 463
1061 793
1061 1061
1061 1210
1061 2901
1062 1062
1063 1063
1064 1064
1065 1065
1066 1066
1067 916
1067 1067
1068 1068
1068 1652
1068 2988
1069 1069
1070 1070
1070 3195
1071 315
1071 1071
1071 1645
1072 939
1072 1072
1072 1152
1072 2275
1073 1073
1074 1074
1075 1075
1076 1076
1077 1077
1078 1078
1079 1079
1080 1080
1080 1156
1081 1081
1082 406
1082 729
1082 1082
1082 1395
1082 1623
1082 3191
1082 3192
1083 602
1083 643
1083 668
1083 790
1083 796
1083 867
1083 1083
1083 1944
1084 1084
1085 1085
1085 1136
1085 1612
1085 3183
1086 328
1086 1086
1087 1087
1087 1657
1088 1088
1089 1089
1090 1090
1091 1091
1091 1351
1091 2092
1092 1092
1092 1945
1093 1093
1094 1094
1095 1095
1096 1096
1097 730
1097 1097
1097 1569
1097 1944
1097 2313
1098 1098
1098 1263
1098 1739
1099 1099
1099 1106
1099 1204
1100 1100
1101 195
1101 208
1101 209
1101 405
1101 482
1101 1101
1102 1102
1103 1103
1103 1204
1104 403
1104 1104
1105 1105
1106 1099
1106 1106
1106 1204
1107 1107
1108 195
1108 1108
1109 1109
1110 893
1110 1110
1111 618
1111 1111
1111 1591
1111 2110
1111 2338
1112 1112
1113 1113
1113 2345
1113 2458
1114 1114
1114 1934
1115 1115
1115 1366
1115 2771
1115 2786
1116 635
1116 860
1116 861
1116 1116
1117 825
1117 941
1117 1117
1118 1118
1119 1119
1120 463
1120 758
1120 1120
1121 1121
1121 1550
1121 1944
1122 1122
1123 1123
1124 1124
1125 1125
1125 1582
1126 1126
1127 1127
1127 1318
1128 1128
1129 1022
1129 1129
1129 1221
1130 1130
1130 1780
1131 209
1131 1131
1131 1213
1131 1395
1131 3183
1132 1132
1133 16
1133 76
1133 407
1133 1133
1133 1612
1133 1946
1134 615
1134 1134
1134 1958
1135 492
1135 615
1135 656
1135 1135
1136 1085
1136 1136
1136 1495
1137 1137
1137 1944
1138 223
1138 398
1138 403
1138 437
1138 463
1138 630
1138 1138
1138 1611
1138 1780
1138 1944
1139 195
1139 403
1139 1139
1139 1490
1139 1780
1139 2060
1140 76
1140 223
1140 1140
1140 1495
1140 1682
1140 1767
1140 1786
1140 1944
1140 2060
1141 482
1141 1141
1142 1142
1143 1143
1144 654
1144 1144
1144 1503
1144 3039
1145 385
1145 1145
1146 1146
1146 1273
1147 84
1147 1147
1147 3130
1148 1148
1148 1780
1149 1149
1150 634
1150 1150
1151 1151
1151 1293
1152 939
1152 1072
1152 1152
1152 2136
1152 2275
1153 1153
1154 1154
1154 1323
1154 1514
1154 2095
1154 2126
1154 2209
1155 1155
1156 484
1156 713
1156 835
1156 1080
1156 1156
1157 1157
1157 1261
1158 13
1158 1158
1159 1159
1159 1230
1160 1160
1161 1161
1161 1564
1162 1162
1163 1163
1164 1164
1165 1165
1166 1166
1167 1167
1168 1168
1169 1169
1170 1170
1171 1171
1171 1353
1171 2052
1171 2219
1171 2272
1171 2452
1171 2597
1171 2725
1171 2855
1172 641
1172 1172
1172 1773
1172 2342
1173 1173
1174 307
1174 863
1174 1174
1174 1918
1174 1968
1174 2117
1174 2347
1174 2678
1174 3053
1175 1175
1176 453
1176 1176
1176 1930
1176 1945
1177 1177
1178 407
1178 829
1178 1178
1178 1645
1178 1646
1179 1179
1179 1394
1179 1705
1180 697
1180 1180
1181 1181
1182 1182
1183 1183
1183 1388
1183 1551
1183 2161
1183 2434
1183 2595
1183 2767
1183 2844
1183 2901
1183 2954
1184 1184
1184 1530
1184 2706
1184 2752
1185 1185
1186 1186
1187 195
1187 641
1187 1187
1188 1188
1188 1715
1189 455
1189 1189
1189 1662
1189 2194
1189 2678
1190 1190
1190 1835
1190 2339
1191 1191
1192 1192
1193 1193
1193 1680
1193 1698
1194 1194
1195 1195
1196 1196
1196 1523
1197 1197
1197 1780
1197 2149
1197 2227
1197 2255
1197 2316
1197 2341
1197 2375
1197 2617
1197 3183
1198 1198
1199 1199
1199 1944
1200 1200
1201 1201
1202 1202
1203 1203
1204 67
1204 1099
1204 1103
1204 1106
1204 1204
1204 1412
1204 1653
1204 1770
1204 2477
1205 1205
1206 1206
1206 1328
1207 1207
1207 1328
1207 1408
1208 1208
1209 1209
1210 1050
1210 1061
1210 1210
1210 2901
1211 1211
1212 1212
1213 730
1213 1131
1213 1213
1213 1395
1214 223
1214 762
1214 1024
1214 1214
1214 1497
1214 1780
1214 1786
1215 560
1215 1027
1215 1028
1215 1215
1216 1216
1217 1217
1217 2102
1218 1218
1218 2103
1218 2488
1219 1219
1220 1220
1221 244
1221 309
1221 1129
1221 1221
1222 223
1222 404
1222 1222
1222 1780
1222 1806
1222 1944
1222 1946
1223 1223
1223 1532
1223 1603
1224 679
1224 1011
1224 1224
1224 1349
1224 1658
1224 1855
1224 2049
1225 366
1225 1225
1226 1226
1227 1227
1227 2041
1227 2678
1228 1228
1229 1229
1230 1159
1230 1230
1230 2033
1231 1231
1232 1232
1233 320
1233 384
1233 399
1233 401
1233 403
1233 728
1233 943
1233 1233
1233 3183
1234 1234
1235 1235
1235 1456
1236 249
1236 319
1236 752
1236 1236
1236 1353
1236 1487
1236 1993
1236 2052
1236 2219
1236 2272
1237 1237
1238 1238
1239 1239
1240 1240
1240 1351
1240 1355
1240 1882
1240 2039
1241 1241
1241 1666
1242 1242
1243 1243
1244 1244
1245 1245
1246 1246
1246 1335
1246 1396
1246 2703
1247 1247
1247 1624
1247 1806
1247 1946
1248 1248
1249 1249
1250 974
1250 1250
1251 1251
1252 1252
1253 1253
1254 1254
1255 1255
1256 1256
1256 1737
1257 106
1257 1025
1257 1257
1258 1258
1259 1259
1260 1029
1260 1260
1261 1157
1261 1261
1262 403
1262 988
1262 1262
1262 1378
1262 3183
1263 1098
1263 1263
1264 403
1264 463
1264 630
1264 634
1264 1264
1264 1349
1264 1398
1264 1658
1264 1767
1264 1780
1264 1944
1264 2109
1264 3093
1264 3183
1265 1265
1266 1266
1267 1267
1267 1857
1268 1268
1269 144
1269 1269
1269 1412
1269 1901
1269 3183
1270 331
1270 1270
1270 1975
1271 1271
1272 1272
1272 1351
1272 1981
1272 2039
1273 1146
1273 1273
1274 1274
1275 1275
1276 1276
1277 972
1277 1027
1277 1028
1277 1277
1277 1346
1277 1395
1278 1278
1279 1279
1279 1363
1280 1280
1281 1281
1282 1282
1283 1283
1283 1908
1284 1284
1285 1285
1286 1286
1287 829
1287 1287
1288 1288
1289 1289
1290 1290
1291 106
1291 1025
1291 1291
1291 1496
1291 1592
1291 1974
1292 1292
1292 1673
1292 1690
1293 1151
1293 1293
1294 1294
1294 1610
1295 1295
1296 1296
1297 1297
1297 2092
1298 1298
1299 1299
1300 1300
1301 1301
1302 1302
1302 1468
1302 1485
1302 1490
1302 1780
1302 2177
1302 2325
1302 2469
1302 2683
1302 3043
1303 1303
1303 1549
1304 1034
1304 1304
1305 195
1305 462
1305 1305
1306 1306
1306 1977
1307 1307
1308 655
1308 1308
1309 1309
1310 1310
1311 1311
1311 3120
1312 1312
1312 3098
1312 3137
1313 1313
1313 2032
1314 1314
1315 1315
1315 1908
1316 1316
1317 1317
1318 151
1318 1127
1318 1318
1319 1319
1320 1320
1320 1704
1321 1321
1321 1689
1322 266
1322 798
1322 1322
1322 1780
1322 2177
1322 2325
1322 2683
1322 3183
1323 633
1323 651
1323 652
1323 1154
1323 1323
1323 1455
1323 1467
1323 1514
1323 1698
1323 1855
1323 2126
1324 461
1324 1324
1325 1325
1325 1629
1325 2546
1325 2986
1325 3164
1326 1326
1326 1353
1326 1487
1326 2052
1326 2219
1326 2272
1326 2725
1326 2855
1327 1051
1327 1327
1327 2281
1327 2859
1327 3082
1328 1206
1328 1207
1328 1328
1328 3052
1329 527
1329 727
1329 1329
1330 1330
1331 1043
1331 1331
1332 1051
1332 1332
1333 963
1333 1333
1333 1395
1334 1334
1335 1246
1335 1335
1335 1944
1336 1336
1336 2422
1337 1337
1337 2149
1337 2227
1337 2255
1337 2341
1337 2617
1338 1338
1339 1339
1340 1340
1341 1341
1342 1342
1343 1343
1344 1344
1344 1542
1344 1663
1345 531
1345 950
1345 1345
1346 1027
1346 1028
1346 1277
1346 1346
1347 727
1347 1347
1347 2314
1348 82
1348 235
1348 322
1348 414
1348 1348
1348 1861
1349 679
1349 1011
1349 1224
1349 1264
1349 1349
1349 1398
1349 1658
1350 1350
1351 323
1351 428
1351 569
1351 620
1351 785
1351 833
1351 871
1351 1039
1351 1091
1351 1240
1351 1272
1351 1351
1351 2039
1352 1352
1352 2588
1353 1171
1353 1236
1353 1326
1353 1353
1353 1683
1353 2052
1353 2219
1353 2272
1353 2452
1353 2725
1353 2855
1353 3112
1354 1354
1354 1418
1355 1240
1355 1355
1355 2039
1356 1356
1357 204
1357 728
1357 798
1357 1357
1357 1459
1357 1540
1357 1564
1357 1780
1357 1823
1357 2251
1357 3183
1358 1358
1359 1359
1360 1360
1361 1361
1362 1362
1363 1279
1363 1363
1364 1364
1364 1395
1364 2228
1365 1365
1365 1502
1365 1780
1365 1859
1365 2090
1366 1115
1366 1366
1367 1367
1368 1368
1368 1960
1369 1369
1369 1812
1370 1370
1371 1371
1371 2189
1372 1372
1373 1373
1374 1374
1375 1375
1376 1376
1377 1377
1378 668
1378 760
1378 1262
1378 1378
1378 1476
1378 2166
1378 2955
1378 3183
1379 730
1379 798
1379 1379
1379 1420
1379 1540
1379 1845
1379 2059
1379 2217
1379 3111
1379 3183
1380 1380
1381 1381
1382 1382
1382 2664
1383 1383
1384 1384
1385 1385
1385 1395
1386 1386
1386 1395
1386 1945
1387 404
1387 730
1387 1387
1387 1395
1388 1183
1388 1388
1388 1859
1388 1956
1388 2154
1388 2161
1389 209
1389 1389
1390 1390
1390 1947
1391 560
1391 1391
1391 1395
1391 2166
1392 105
1392 295
1392 730
1392 1392
1392 1395
1392 1945
1392 2166
1392 2856
1393 1393
1393 1395
1394 1179
1394 1394
1394 1395
1395 283
1395 406
1395 560
1395 729
1395 963
1395 1027
1395 1028
1395 1082
1395 1131
1395 1213
1395 1277
1395 1333
1395 1364
1395 1385
1395 1386
1395 1387
1395 1391
1395 1392
1395 1393
1395 1394
1395 1395
1395 1396
1395 1495
1395 1944
1395 3198
1395 3199
1395 3200
1395 3201
1395 3202
1395 3203
1396 1246
1396 1395
1396 1396
1397 1397
1398 1264
1398 1349
1398 1398
1399 1399
1399 1486
1400 1400
1400 1765
1401 1401
1402 1402
1403 1044
1403 1403
1404 1404
1405 1405
1406 1406
1407 1407
1407 2318
1408 1207
1408 1408
1409 1409
1409 1603
1409 1950
1409 2372
1410 1410
1410 1618
1410 3165
1411 1411
1412 1204
1412 1269
1412 1412
1413 1413
1414 1414
1415 1415
1416 1416
1416 1652
1416 2386
1416 2851
1417 1417
1417 2349
1417 2353
1417 2354
1418 1354
1418 1418
1418 2618
1419 1419
1419 1690
1420 556
1420 1379
1420 1420
1420 1551
1420 1692
1420 1780
1420 1853
1420 1859
1420 2059
1421 1421
1422 1422
1423 1423
1423 1845
1424 248
1424 1424
1424 2708
1424 2801
1424 3003
1425 1425
1426 1426
1427 1427
1428 1428
1428 2618
1428 2771
1428 2786
1429 1429
1430 1430
1431 1431
1432 1432
1433 1433
1433 1539
1433 2208
1434 1434
1434 1516
1435 1435
1436 1436
1437 1437
1438 1438
1439 531
1439 961
1439 1439
1439 1565
1440 1440
1441 1441
1442 1442
1443 963
1443 1443
1444 1444
1445 1445
1446 1446
1447 1447
1448 1448
1448 2128
1449 1449
1450 1450
1451 1451
1451 1632
1452 988
1452 1452
1452 1612
1452 3183
1453 1453
1454 1454
1454 1529
1454 1530
1454 1564
1454 1702
1454 1944
1454 2035
1455 1323
1455 1455
1456 1235
1456 1456
1457 1457
1457 1470
1458 1458
1459 1357
1459 1459
1459 1780
1460 1460
1461 1461
1461 1780
1462 1462
1462 1780
1463 195
1463 1463
1463 3183
1464 1464
1465 1465
1465 2340
1466 1466
1466 1766
1466 1780
1467 1323
1467 1467
1467 1766
1467 1780
1467 2340
1468 1302
1468 1468
1468 2059
1468 2293
1468 2469
1468 3123
1469 1469
1470 275
1470 799
1470 1457
1470 1470
1470 1522
1470 1602
1470 1697
1470 1746
1470 1747
1470 1853
1470 1876
1470 1959
1470 2376
1470 2377
1470 2496
1470 2557
1470 2624
1470 2631
1470 2839
1470 2940
1470 3104
1470 3143
1471 1471
1471 1549
1472 1472
1473 1473
1473 2524
1474 1474
1475 1475
1476 1378
1476 1476
1476 1692
1476 1780
1476 1835
1476 1944
1476 2014
1476 2059
1476 2060
1476 2090
1476 2178
1476 2545
1476 2697
1476 2707
1476 3044
1477 1477
1477 2693
1478 1478
1479 1479
1479 1638
1480 1480
1481 1481
1482 1482
1483 1483
1483 1845
1483 3183
1484 730
1484 1484
1485 209
1485 1302
1485 1485
1486 730
1486 1399
1486 1486
1486 1552
1486 1944
1486 2126
1486 2395
1486 2729
1487 1236
1487 1326
1487 1487
1487 1547
1487 2725
1488 1488
1488 1547
1488 2219
1488 2725
1489 1489
1490 195
1490 728
1490 1139
1490 1302
1490 1490
1490 1541
1490 1682
1490 1692
1490 1780
1490 1786
1490 1835
1490 1944
1490 2059
1490 2060
1490 2081
1490 2090
1490 2151
1490 2178
1490 2339
1490 2355
1490 2545
1490 2602
1490 2697
1490 2707
1490 2823
1490 2981
1490 2985
1490 3044
1490 3092
1490 3183
1491 1491
1492 1492
1493 1493
1493 1494
1494 1493
1494 1494
1495 403
1495 1136
1495 1140
1495 1395
1495 1495
1495 1766
1495 1780
1495 1786
1495 1859
1495 1944
1495 1987
1495 2251
1496 106
1496 1025
1496 1291
1496 1496
1496 1592
1496 1974
1497 1214
1497 1497
1497 3183
1498 1498
1499 1499
1500 1500
1501 1501
1501 2298
1501 2500
1501 2628
1501 2914
1501 3113
1502 1365
1502 1502
1503 1144
1503 1503
1503 1846
1503 1960
1503 2051
1504 1504
1505 1505
1506 1506
1506 1711
1507 1507
1508 1508
1509 1509
1510 1510
1510 1819
1511 1511
1512 1512
1513 1513
1514 1154
1514 1323
1514 1514
1514 2045
1514 2709
1515 1515
1516 1434
1516 1516
1517 1517
1517 1804
1517 1911
1518 1518
1519 1519
1520 1520
1520 2353
1520 2354
1521 1521
1522 1470
1522 1522
1522 1656
1522 2079
1522 2356
1522 2535
1523 310
1523 878
1523 1196
1523 1523
1523 2543
1524 1524
1524 1667
1524 1668
1524 1678
1524 1727
1524 2858
1525 1525
1525 1891
1525 2067
1525 2740
1526 1526
1526 2091
1526 2126
1527 1527
1527 1696
1528 1528
1529 1454
1529 1529
1529 1564
1530 1184
1530 1454
1530 1530
1530 1780
1531 1531
1532 1223
1532 1532
1532 1603
1532 1915
1533 1533
1534 1534
1534 1780
1534 2578
1535 1028
1535 1535
1536 1536
1536 2119
1536 2926
1537 1537
1537 2926
1538 1538
1538 1840
1538 1966
1538 2119
1538 2926
1539 1433
1539 1539
1539 2051
1539 2208
1540 1357
1540 1379
1540 1540
1541 1490
1541 1541
1541 2201
1541 2526
1541 3197
1542 1344
1542 1542
1542 1615
1542 1663
1543 829
1543 1543
1543 2053
1544 1544
1545 1545
1546 1546
1546 2223
1547 1487
1547 1488
1547 1547
1547 2219
1547 2491
1547 2517
1547 2597
1547 2615
1547 2725
1548 105
1548 209
1548 405
1548 626
1548 730
1548 752
1548 1050
1548 1548
1548 1868
1548 2512
1548 2664
1548 2722
1548 2854
1548 3105
1549 1303
1549 1471
1549 1549
1549 1907
1550 1121
1550 1550
1550 1806
1550 1933
1550 2174
1551 377
1551 1183
1551 1420
1551 1551
1551 2703
1551 2901
1552 1486
1552 1552
1552 1855
1553 1553
1553 2210
1554 1554
1555 1555
1556 1556
1557 1557
1557 2043
1558 1558
1558 1566
1558 1947
1559 1559
1560 1560
1560 1986
1561 1561
1562 1562
1563 752
1563 1563
1563 1683
1564 204
1564 1161
1564 1357
1564 1454
1564 1529
1564 1564
1564 1780
1564 1851
1564 2033
1565 1439
1565 1565
1565 1931
1565 2093
1566 1558
1566 1566
1567 1567
1568 1568
1569 730
1569 1097
1569 1569
1569 1868
1570 1570
1571 1571
1571 1804
1571 1845
1571 1891
1571 2187
1571 2217
1571 2316
1572 1572
1572 2092
1572 2549
1573 1573
1574 1574
1575 1575
1576 1576
1577 1577
1578 1578
1579 1579
1579 2333
1580 1580
1580 1986
1580 2426
1581 1581
1582 706
1582 830
1582 966
1582 1125
1582 1582
1583 1583
1584 1584
1584 1713
1585 1585
1586 1586
1587 1587
1588 1588
1588 1977
1589 1589
1590 1590
1590 1679
1591 618
1591 981
1591 1111
1591 1591
1591 2110
1591 2338
1592 90
1592 1291
1592 1496
1592 1592
1593 1593
1593 2086
1593 2188
1593 3187
1594 1594
1595 1595
1596 1596
1596 2353
1596 2354
1597 1597
1598 1598
1599 1599
1599 2056
1599 2057
1599 2391
1599 2415
1600 1600
1600 1780
1601 1601
1601 1780
1602 1470
1602 1602
1603 1223
1603 1409
1603 1532
1603 1603
1603 1950
1603 2666
1603 2667
1604 1604
1604 1791
1604 1907
1605 1605
1605 2466
1605 2792
1606 1606
1607 1607
1608 1012
1608 1608
1609 1609
1610 339
1610 1294
1610 1610
1611 1138
1611 1611
1612 986
1612 1085
1612 1133
1612 1452
1612 1612
1612 1780
1612 2174
1612 3183
1613 436
1613 1613
1613 1692
1613 1780
1613 1823
1613 1860
1613 2125
1613 3183
1614 1614
1615 1542
1615 1615
1615 1663
1616 1616
1617 1617
1618 1410
1618 1618
1619 435
1619 818
1619 1619
1620 1620
1621 1621
1622 1622
1623 1082
1623 1623
1624 668
1624 1247
1624 1624
1625 1625
1625 1640
1625 1707
1625 1780
1625 1825
1625 1859
1625 2155
1625 2167
1625 2248
1625 2313
1625 2718
1625 2735
1625 2832
1626 1626
1627 1627
1627 1769
1628 1628
1629 1325
1629 1629
1629 2986
1630 1630
1630 1690
1631 1631
1632 1451
1632 1632
1633 1633
1633 1782
1633 1842
1634 1634
1635 1635
1635 2426
1636 1636
1637 676
1637 1637
1637 1866
1637 2271
1638 1479
1638 1638
1638 2100
1638 2101
1639 1639
1640 1625
1640 1640
1640 1707
1640 1780
1640 1859
1640 2298
1641 1641
1642 1642
1643 1643
1644 531
1644 1644
1645 679
1645 829
1645 986
1645 1071
1645 1178
1645 1645
1645 1646
1645 2886
1646 223
1646 1178
1646 1645
1646 1646
1646 1727
1647 1647
1647 1662
1647 2348
1648 1052
1648 1648
1649 1649
1650 1650
1651 1651
1652 962
1652 1068
1652 1416
1652 1652
1652 2150
1652 2317
1653 1204
1653 1653
1653 1719
1653 1770
1654 1654
1655 1655
1656 1522
1656 1656
1657 1087
1657 1657
1657 2225
1658 1224
1658 1264
1658 1349
1658 1658
1658 1670
1658 1696
1658 1926
1658 3002
1659 1659
1660 1660
1661 1661
1661 1967
1661 2098
1661 2334
1662 1189
1662 1647
1662 1662
1662 2122
1663 1344
1663 1542
1663 1615
1663 1663
1664 377
1664 630
1664 798
1664 1664
1664 1780
1664 2745
1665 1665
1665 2225
1666 177
1666 326
1666 1241
1666 1666
1667 1524
1667 1667
1667 1668
1668 1524
1668 1667
1668 1668
1669 1669
1670 1658
1670 1670
1671 1671
1671 1783
1672 1672
1673 1292
1673 1673
1673 1793
1673 1869
1673 2121
1674 1674
1675 1675
1675 1784
1675 2858
1676 1676
1676 2063
1677 1677
1677 3002
1678 1524
1678 1678
1678 2353
1679 1590
1679 1679
1680 1193
1680 1680
1680 1698
1681 1024
1681 1681
1681 1784
1681 2873
1682 1140
1682 1490
1682 1682
1682 2220
1682 2339
1682 2823
1682 2985
1683 1353
1683 1563
1683 1683
1683 2052
1683 2516
1683 2517
1683 2615
1683 3033
1684 1684
1684 3058
1685 1685
1685 2003
1686 1686
1687 1687
1688 1688
1689 1321
1689 1689
1690 1292
1690 1419
1690 1630
1690 1690
1690 2114
1690 2121
1691 1691
1692 1420
1692 1476
1692 1490
1692 1613
1692 1692
1692 2125
1692 2316
1693 1693
1694 1694
1695 1695
1696 1527
1696 1658
1696 1696
1697 1470
1697 1697
1698 1193
1698 1323
1698 1680
1698 1698
1699 1699
1700 1700
1701 1701
1702 1454
1702 1702
1703 1703
1704 983
1704 985
1704 1019
1704 1320
1704 1704
1705 209
1705 1179
1705 1705
1706 510
1706 1046
1706 1706
1706 1875
1706 2098
1707 1625
1707 1640
1707 1707
1707 2248
1708 1708
1709 1709
1709 1852
1709 2002
1710 996
1710 1000
1710 1710
1711 1506
1711 1711
1711 3163
1712 167
1712 184
1712 1712
1712 3071
1713 1584
1713 1713
1714 1714
1714 1814
1715 1188
1715 1715
1715 2348
1715 2564
1716 1716
1717 1717
1717 1964
1717 2199
1718 1718
1718 2318
1719 1653
1719 1719
1719 1770
1719 2162
1720 1720
1721 1721
1722 440
1722 1722
1722 2514
1723 1723
1724 1724
1725 1725
1725 2369
1726 1726
1727 1524
1727 1646
1727 1727
1727 1784
1727 1891
1727 1923
1727 2094
1727 2217
1727 2296
1727 2373
1727 2525
1727 2666
1727 2667
1727 2861
1727 2862
1728 1728
1728 2783
1729 1729
1730 1730
1731 1731
1732 1732
1733 1733
1733 2142
1734 1734
1734 2019
1735 1735
1736 1736
1737 1256
1737 1737
1738 1738
1738 2544
1738 2745
1739 1098
1739 1739
1739 2278
1740 1740
1740 1890
1740 2210
1740 2420
1740 2673
1740 2686
1741 1741
1742 1742
1742 1906
1743 1743
1743 1904
1744 1744
1745 1745
1745 1752
1745 2357
1745 2371
1745 2376
1745 2625
1745 2839
1746 1470
1746 1746
1746 2150
1747 1470
1747 1747
1747 1804
1747 1827
1747 1853
1747 2186
1748 1748
1748 1827
1748 1853
1748 1876
1748 1959
1748 2149
1748 2316
1748 2318
1748 2341
1748 2375
1748 2376
1748 2378
1748 2423
1748 2481
1748 2617
1748 2631
1748 2703
1748 2722
1748 2737
1748 2739
1748 2740
1748 2866
1748 3183
1749 1749
1749 2987
1750 1750
1750 1751
1750 1891
1750 1900
1750 2084
1750 2094
1750 2217
1750 2276
1750 2318
1750 2328
1750 2357
1750 2372
1750 2379
1750 2433
1750 2498
1750 2500
1750 2581
1750 2668
1750 2827
1750 2862
1750 2880
1750 2927
1750 2995
1750 3005
1750 3066
1751 1750
1751 1751
1751 1891
1751 2127
1751 2217
1752 1745
1752 1752
1752 2316
1752 2357
1752 2624
1753 273
1753 375
1753 1753
1753 1878
1753 1883
1753 1900
1753 2094
1753 2276
1753 2296
1753 2364
1754 1754
1755 1755
1756 1756
1757 1757
1758 1758
1759 1759
1759 1837
1760 1760
1760 2667
1761 1761
1762 1762
1763 1763
1764 1764
1765 1400
1765 1765
1766 195
1766 1466
1766 1467
1766 1495
1766 1766
1766 2001
1766 2002
1766 2151
1767 1140
1767 1264
1767 1767
1767 1780
1768 1768
1769 1627
1769 1769
1770 1204
1770 1653
1770 1719
1770 1770
1770 1926
1770 2146
1770 2162
1770 2344
1770 2477
1770 2593
1770 2851
1770 2898
1770 3129
1771 1771
1772 1772
1773 270
1773 799
1773 1172
1773 1773
1773 2342
1774 1774
1775 1775
1776 1776
1776 1813
1777 1777
1777 1919
1778 713
1778 1778
1778 1943
1778 1986
1779 1779
1780 10
1780 122
1780 195
1780 204
1780 223
1780 248
1780 287
1780 315
1780 380
1780 397
1780 403
1780 409
1780 462
1780 463
1780 482
1780 583
1780 599
1780 679
1780 690
1780 762
1780 798
1780 918
1780 989
1780 1006
1780 1045
1780 1130
1780 1138
1780 1139
1780 1148
1780 1197
1780 1214
1780 1222
1780 1264
1780 1302
1780 1322
1780 1357
1780 1365
1780 1420
1780 1459
1780 1461
1780 1462
1780 1466
1780 1467
1780 1476
1780 1490
1780 1495
1780 1530
1780 1534
1780 1564
1780 1600
1780 1601
1780 1612
1780 1613
1780 1625
1780 1640
1780 1664
1780 1767
1780 1780
1780 1786
1780 1787
1780 1823
1780 1824
1780 1835
1780 1860
1780 2014
1780 2109
1780 2126
1780 2186
1780 2316
1780 2544
1780 2697
1780 2732
1780 3183
1780 3187
1781 1781
1782 1633
1782 1782
1782 1842
1783 1671
1783 1783
1784 331
1784 491
1784 910
1784 1675
1784 1681
1784 1727
1784 1784
1784 1859
1784 1972
1784 2017
1784 2031
1784 2032
1784 2106
1784 2108
1784 2202
1784 2250
1784 2358
1784 2523
1784 2542
1784 2551
1784 2558
1784 2990
1784 3052
1785 1785
1785 1859
1785 1972
1785 1991
1785 2017
1785 2032
1785 2106
1785 2108
1785 2202
1785 2250
1785 2542
1785 2572
1785 2769
1786 195
1786 223
1786 762
1786 798
1786 1140
1786 1214
1786 1490
1786 1495
1786 1780
1786 1786
1786 2533
1786 2707
1787 204
1787 1005
1787 1006
1787 1780
1787 1787
1787 3188
1788 1788
1789 1789
1790 1790
1791 223
1791 1604
1791 1791
1791 3090
1792 1792
1792 2332
1793 1673
1793 1793
1793 2348
1794 1794
1795 1795
1796 1796
1797 1797
1798 1798
1799 870
1799 1799
1799 2221
1800 1800
1800 1801
1801 1800
1801 1801
1802 1802
1802 1805
1803 420
1803 523
1803 1803
1804 1517
1804 1571
1804 1747
1804 1804
1804 3069
1805 534
1805 1802
1805 1805
1806 1222
1806 1247
1806 1550
1806 1806
1806 1946
1806 2578
1806 2922
1807 1807
1808 1808
1809 1809
1809 2217
1809 2372
1810 1810
1811 1811
1812 1369
1812 1812
1812 1977
1813 1776
1813 1813
1814 1714
1814 1814
1815 124
1815 1815
1816 1816
1817 777
1817 1817
1817 2221
1818 1818
1819 1510
1819 1819
1820 1820
1821 1821
1822 1822
1823 403
1823 1357
1823 1613
1823 1780
1823 1823
1824 1780
1824 1824
1824 2060
1824 2178
1824 3183
1825 209
1825 1625
1825 1825
1825 1971
1825 2155
1825 2167
1825 2437
1825 2722
1825 2735
1825 2832
1825 2854
1825 3073
1825 3111
1826 1826
1826 2666
1826 2667
1827 1747
1827 1748
1827 1827
1828 1828
1828 2356
1829 1829
1830 1830
1830 2256
1830 2359
1831 1831
1831 1931
1832 1832
1832 2065
1833 1833
1833 2020
1833 2221
1833 2226
1833 2314
1833 2325
1833 2469
1833 2731
1833 2864
1833 2895
1833 2942
1833 3013
1833 3067
1833 3076
1833 3142
1834 1834
1834 2970
1835 576
1835 1190
1835 1476
1835 1490
1835 1780
1835 1835
1835 2339
1835 2981
1835 2985
1836 1836
1837 1759
1837 1837
1838 1838
1839 1839
1839 2926
1840 376
1840 1538
1840 1840
1840 2926
1841 1841
1841 2065
1842 1633
1842 1782
1842 1842
1843 1843
1844 987
1844 1844
1844 2342
1845 575
1845 1379
1845 1423
1845 1483
1845 1571
1845 1845
1845 3063
1846 1503
1846 1846
1846 1960
1846 2176
1846 2762
1847 1847
1848 1848
1848 2189
1849 1849
1850 1850
1851 1564
1851 1851
1851 2033
1852 1709
1852 1852
1852 1971
1852 2248
1852 2735
1852 3073
1853 1420
1853 1470
1853 1747
1853 1748
1853 1853
1853 1959
1854 1854
1855 1224
1855 1323
1855 1552
1855 1855
1855 2126
1855 2308
1855 2309
1855 2395
1856 1856
1856 1857
1857 1267
1857 1856
1857 1857
1857 2392
1858 1858
1859 377
1859 1365
1859 1388
1859 1420
1859 1495
1859 1625
1859 1640
1859 1784
1859 1785
1859 1859
1859 1956
1859 2150
1859 3102
1859 3147
1859 3183
1860 407
1860 1613
1860 1780
1860 1860
1861 1348
1861 1861
1862 1862
1863 1863
1864 1864
1865 1865
1866 1637
1866 1866
1867 1867
1868 1548
1868 1569
1868 1868
1868 2059
1868 2769
1869 1673
1869 1869
1870 1870
1870 3061
1871 1871
1871 2393
1872 1872
1873 1873
1874 1874
1875 1706
1875 1875
1876 1470
1876 1748
1876 1876
1876 2227
1876 2279
1876 2378
1876 2481
1876 2739
1876 2850
1876 2919
1877 209
1877 730
1877 1877
1877 2022
1877 2167
1878 1753
1878 1878
1878 2094
1878 2217
1878 2497
1878 2595
1878 2733
1878 2901
1878 2910
1878 2999
1879 1879
1879 3053
1880 1880
1881 1881
1882 1240
1882 1882
1882 1981
1882 2354
1883 1753
1883 1883
1883 2021
1883 2084
1883 3005
1884 1884
1884 1927
1885 677
1885 1885
1885 2174
1886 1886
1887 1887
1888 1888
1889 756
1889 1889
1890 1740
1890 1890
1891 1525
1891 1571
1891 1727
1891 1750
1891 1751
1891 1891
1892 1892
1893 1893
1893 2056
1893 2348
1894 1894
1895 1895
1896 1896
1897 1897
1898 1898
1899 986
1899 987
1899 1899
1899 2153
1899 2914
1899 3059
1900 167
1900 184
1900 1750
1900 1753
1900 1900
1900 2373
1900 2480
1900 2668
1900 2862
1900 3015
1900 3051
1901 144
1901 1269
1901 1901
1902 1902
1902 2393
1903 1903
1904 1743
1904 1904
1905 1050
1905 1905
1906 1742
1906 1906
1907 1549
1907 1604
1907 1907
1907 2704
1907 2983
1908 133
1908 1022
1908 1283
1908 1315
1908 1908
1909 1909
1910 1910
1911 1517
1911 1911
1912 1912
1913 1913
1914 1914
1914 2003
1914 2686
1914 2691
1915 665
1915 1532
1915 1915
1915 2129
1916 1916
1917 1917
1918 73
1918 307
1918 308
1918 863
1918 1174
1918 1918
1918 2215
1918 3053
1918 3186
1919 713
1919 1777
1919 1919
1920 1920
1921 1921
1922 1922
1923 1727
1923 1923
1923 2364
1923 2581
1923 3151
1924 1924
1924 2286
1924 2546
1924 3061
1925 1925
1925 2033
1926 1658
1926 1770
1926 1926
1926 2162
1926 3002
1927 1884
1927 1927
1927 2794
1928 1928
1928 2141
1929 1929
1929 2114
1930 310
1930 1176
1930 1930
1931 961
1931 1565
1931 1831
1931 1931
1931 1998
1931 2158
1932 1932
1933 1550
1933 1933
1934 848
1934 1114
1934 1934
1934 2450
1934 2555
1934 2977
1935 848
1935 1935
1935 2256
1935 2359
1935 2450
1935 2451
1935 2555
1935 2764
1936 1936
1936 2001
1937 1937
1937 2218
1937 2343
1938 677
1938 1029
1938 1938
1938 2766
1938 3063
1939 1939
1940 1940
1941 1941
1942 1942
1943 713
1943 1778
1943 1943
1943 1986
1944 482
1944 583
1944 668
1944 679
1944 762
1944 822
1944 913
1944 914
1944 916
1944 983
1944 988
1944 989
1944 1011
1944 1083
1944 1097
1944 1121
1944 1137
1944 1138
1944 1140
1944 1199
1944 1222
1944 1264
1944 1335
1944 1395
1944 1454
1944 1476
1944 1486
1944 1490
1944 1495
1944 1944
1944 3002
1945 359
1945 730
1945 877
1945 901
1945 1092
1945 1176
1945 1386
1945 1392
1945 1945
1946 398
1946 1133
1946 1222
1946 1247
1946 1806
1946 1946
1946 2033
1946 2289
1946 2578
1946 2922
1946 2944
1947 1390
1947 1558
1947 1947
1948 195
1948 945
1948 1948
1949 1949
1950 1409
1950 1603
1950 1950
1950 2372
1950 2893
1951 1951
1952 1952
1953 1953
1954 986
1954 1954
1954 2652
1954 2653
1955 853
1955 1955
1956 730
1956 1388
1956 1859
1956 1956
1957 1957
1958 1134
1958 1958
1958 2181
1958 2533
1959 1470
1959 1748
1959 1853
1959 1959
1959 2375
1960 1368
1960 1503
1960 1846
1960 1960
1960 2429
1961 1961
1962 474
1962 749
1962 908
1962 1962
1963 1963
1964 1717
1964 1964
1965 1965
1966 1538
1966 1966
1966 2119
1967 1661
1967 1967
1967 2098
1968 307
1968 1174
1968 1968
1968 1996
1968 2215
1968 2678
1968 3053
1969 1969
1970 1970
1971 1825
1971 1852
1971 1971
1971 2155
1971 2360
1971 2512
1971 2735
1971 2854
1971 3073
1971 3105
1971 3111
1972 1784
1972 1785
1972 1972
1972 2106
1972 2108
1972 2250
1972 2533
1972 2542
1972 2558
1972 2769
1972 3052
1972 3082
1973 1973
1973 2970
1974 1025
1974 1291
1974 1496
1974 1974
1974 2431
1975 1270
1975 1975
1975 2139
1975 2451
1975 2764
1975 2900
1975 3133
1976 1976
1976 2603
1977 1306
1977 1588
1977 1812
1977 1977
1978 1978
1979 1979
1979 3053
1980 1980
1981 0
1981 323
1981 1272
1981 1882
1981 1981
1981 2414
1982 1982
1983 1983
1984 1984
1985 1985
1985 1986
1986 713
1986 1560
1986 1580
1986 1778
1986 1943
1986 1985
1986 1986
1986 2314
1987 10
1987 13
1987 380
1987 1495
1987 1987
1988 798
1988 1988
1988 2109
1988 2580
1988 2738
1988 2794
1988 2920
1988 3086
1989 1989
1990 1990
1991 1785
1991 1991
1991 2106
1991 2769
1991 3052
1992 1992
1993 1236
1993 1993
1994 1994
1995 1995
1996 307
1996 1968
1996 1996
1996 2215
1996 2678
1996 3053
1997 1997
1998 1931
1998 1998
1999 1999
2000 2000
2001 1766
2001 1936
2001 2001
2002 1709
2002 1766
2002 2002
2002 2104
2002 2229
2003 1685
2003 1914
2003 2003
2003 2673
2003 2686
2003 2827
2004 2004
2005 2005
2006 2006
2007 2007
2008 2008
2009 2009
2010 2010
2010 2011
2011 2010
2011 2011
2011 2012
2012 2011
2012 2012
2013 2013
2014 1476
2014 1780
2014 2014
2014 2178
2014 2422
2015 2015
2015 2192
2015 2318
2015 2893
2016 848
2016 849
2016 850
2016 851
2016 852
2016 853
2016 854
2016 855
2016 856
2016 857
2016 858
2016 859
2016 860
2016 861
2016 862
2016 863
2016 864
2016 865
2016 2016
2016 2318
2016 2581
2016 2668
2016 3053
2017 1784
2017 1785
2017 2017
2017 2108
2017 2250
2017 2572
2017 2769
2018 2018
2019 1734
2019 2019
2019 2478
2020 1833
2020 2020
2021 1883
2021 2021
2022 105
2022 1877
2022 2022
2023 2023
2024 986
2024 2024
2025 2025
2026 2026
2027 2027
2027 2030
2027 2520
2028 2028
2029 2029
2030 449
2030 1021
2030 2027
2030 2030
2030 2520
2030 3098
2031 848
2031 1784
2031 2031
2032 1313
2032 1784
2032 1785
2032 2032
2032 3000
2033 983
2033 1230
2033 1564
2033 1851
2033 1925
2033 1946
2033 2033
2034 2034
2034 2356
2035 1454
2035 2035
2036 2036
2037 2037
2038 2038
2039 323
2039 620
2039 1240
2039 1272
2039 1351
2039 1355
2039 2039
2039 2354
2040 863
2040 2040
2041 969
2041 1227
2041 2041
2041 2221
2041 2678
2042 2042
2042 2348
2043 520
2043 995
2043 1557
2043 2043
2043 2229
2044 2044
2044 2465
2044 2833
2044 3114
2045 1514
2045 2045
2045 2154
2045 2405
2045 2709
2045 2714
2045 2715
2045 2716
2045 2717
2045 2764
2045 2816
2045 2887
2045 2900
2045 2956
2045 2958
2045 2964
2045 3086
2045 3153
2046 2046
2047 428
2047 785
2047 833
2047 2047
2048 2048
2048 2182
2048 2281
2049 1224
2049 2049
2050 2050
2051 1007
2051 1012
2051 1503
2051 1539
2051 2051
2052 1171
2052 1236
2052 1326
2052 1353
2052 1683
2052 2052
2052 2220
2052 2272
2052 2452
2052 2516
2052 2855
2052 3033
2053 1543
2053 2053
2054 2054
2054 2056
2054 2391
2055 2055
2056 1599
2056 1893
2056 2054
2056 2056
2057 1599
2057 2057
2057 2415
2058 195
2058 2058
2058 2177
2059 209
2059 1379
2059 1420
2059 1468
2059 1476
2059 1490
2059 1868
2059 2059
2059 2109
2059 2154
2059 2293
2059 2557
2059 2841
2059 3076
2059 3149
2060 772
2060 1139
2060 1140
2060 1476
2060 1490
2060 1824
2060 2060
2061 2061
2062 2062
2063 1676
2063 2063
2064 2064
2065 1832
2065 1841
2065 2065
2066 2066
2067 1525
2067 2067
2068 2068
2069 2069
2070 2070
2070 2392
2071 2071
2072 2072
2073 428
2073 785
2073 833
2073 871
2073 2073
2073 2414
2073 2549
2074 471
2074 2074
2074 3010
2075 2075
2076 2076
2077 2077
2077 2388
2078 2078
2079 1522
2079 2079
2079 2318
2079 2319
2079 2377
2079 2631
2079 2737
2079 2739
2079 2867
2079 3126
2080 2080
2080 2252
2080 2253
2081 517
2081 1490
2081 2081
2081 2313
2082 987
2082 2082
2082 3183
2083 2083
2084 1750
2084 1883
2084 2084
2085 2085
2086 1593
2086 2086
2086 2188
2087 2087
2088 2088
2089 2089
2090 1365
2090 1476
2090 1490
2090 2090
2091 1526
2091 2091
2091 2395
2092 428
2092 833
2092 871
2092 1091
2092 1297
2092 1572
2092 2092
2093 1565
2093 2093
2093 2351
2093 2352
2094 1727
2094 1750
2094 1753
2094 1878
2094 2094
2094 2217
2094 2733
2094 2999
2095 1154
2095 2095
2095 2214
2096 2096
2096 2152
2096 3002
2097 2097
2098 1661
2098 1706
2098 1967
2098 2098
2099 2099
2100 1638
2100 2100
2101 1638
2101 2101
2102 1217
2102 2102
2103 1218
2103 2103
2103 2488
2104 2002
2104 2104
2105 2105
2106 1784
2106 1785
2106 1972
2106 1991
2106 2106
2106 2137
2106 2202
2106 2250
2106 2529
2106 2536
2106 2542
2106 2558
2106 2572
2106 2990
2106 3052
2106 3082
2107 2107
2108 1784
2108 1785
2108 1972
2108 2017
2108 2108
2108 2202
2108 2250
2108 2542
2108 2769
2108 2973
2108 3052
2109 1264
2109 1780
2109 1988
2109 2059
2109 2109
2109 2178
2109 2697
2109 2920
2109 3153
2110 618
2110 829
2110 1111
2110 1591
2110 2110
2110 2533
2110 2555
2110 2649
2110 2707
2110 2886
2111 798
2111 2111
2112 2112
2113 2113
2113 2159
2113 2687
2114 1690
2114 1929
2114 2114
2115 2115
2116 2116
2117 1174
2117 2117
2118 1022
2118 2118
2118 2128
2118 2403
2119 376
2119 1536
2119 1538
2119 1966
2119 2119
2120 2120
2121 1673
2121 1690
2121 2121
2122 1662
2122 2122
2123 2123
2123 2590
2124 2124
2124 2986
2125 195
2125 403
2125 822
2125 1613
2125 1692
2125 2125
2125 2316
2125 2545
2126 1154
2126 1323
2126 1486
2126 1526
2126 1780
2126 1855
2126 2126
2126 2177
2126 2395
2126 2560
2127 1751
2127 2127
2128 1448
2128 2118
2128 2128
2128 2148
2129 1915
2129 2129
2129 2581
2130 2130
2130 2134
2131 2131
2131 2134
2132 123
2132 2132
2132 2133
2133 123
2133 2132
2133 2133
2134 2130
2134 2131
2134 2134
2135 2135
2136 1152
2136 2136
2137 2106
2137 2137
2137 2410
2137 2708
2137 2888
2137 2936
2137 2988
2137 3004
2137 3024
2137 3100
2138 2138
2138 2531
2138 2630
2138 2745
2138 3000
2139 1975
2139 2139
2140 2140
2141 1928
2141 2141
2141 2230
2142 1733
2142 2142
2143 1051
2143 2143
2144 2144
2145 298
2145 860
2145 861
2145 862
2145 2145
2146 1770
2146 2146
2146 3002
2147 2147
2147 2313
2147 2316
2147 2841
2148 2128
2148 2148
2149 1197
2149 1337
2149 1748
2149 2149
2149 2319
2149 2596
2149 2776
2149 2850
2149 2894
2149 2911
2149 2945
2149 3127
2150 1652
2150 1746
2150 1859
2150 2150
2150 2718
2150 2966
2151 1490
2151 1766
2151 2151
2152 2096
2152 2152
2153 986
2153 987
2153 1899
2153 2153
2153 3059
2154 209
2154 377
2154 1388
2154 2045
2154 2059
2154 2154
2154 2251
2154 2593
2155 1625
2155 1825
2155 1971
2155 2155
2156 2156
2156 2292
2157 2157
2158 961
2158 1931
2158 2158
2159 2113
2159 2159
2159 3133
2160 2160
2161 1183
2161 1388
2161 2161
2162 1719
2162 1770
2162 1926
2162 2162
2162 2180
2162 2406
2162 3002
2163 2163
2163 2166
2163 2322
2164 2164
2164 2169
2164 3070
2165 2165
2165 2169
2166 1378
2166 1391
2166 1392
2166 2163
2166 2166
2166 2168
2166 2169
2166 2322
2166 2718
2167 209
2167 730
2167 1625
2167 1825
2167 1877
2167 2167
2168 2166
2168 2168
2169 2164
2169 2165
2169 2166
2169 2169
2169 2322
2170 2170
2171 2171
2172 2172
2172 2173
2173 2172
2173 2173
2174 1550
2174 1612
2174 1885
2174 2174
2174 2412
2175 676
2175 2175
2176 1846
2176 2176
2176 2489
2177 1302
2177 1322
2177 2058
2177 2126
2177 2177
2177 3183
2178 1476
2178 1490
2178 1824
2178 2014
2178 2109
2178 2178
2178 2732
2178 2985
2178 3092
2178 3093
2178 3183
2179 2179
2180 2162
2180 2180
2180 2344
2180 2406
2181 1958
2181 2181
2181 2496
2181 2533
2182 2048
2182 2182
2183 2183
2184 2184
2184 2295
2184 2951
2185 2185
2186 1747
2186 1780
2186 2186
2186 3002
2187 1571
2187 2187
2187 2318
2188 520
2188 1593
2188 2086
2188 2188
2188 2291
2188 2504
2188 3190
2189 1371
2189 1848
2189 2189
2190 307
2190 308
2190 2190
2191 2191
2191 2325
2191 2456
2191 2841
2191 2902
2192 2015
2192 2192
2192 3100
2192 3185
2193 2193
2193 2857
2193 3109
2194 1189
2194 2194
2194 2882
2195 2195
2196 2196
2197 2197
2197 2451
2197 2881
2198 2198
2199 1717
2199 2199
2200 2200
2201 1541
2201 2201
2202 491
2202 910
2202 1784
2202 1785
2202 2106
2202 2108
2202 2202
2202 2257
2202 2312
2202 2318
2202 2358
2202 2436
2202 2551
2202 2780
2202 2859
2202 2990
2203 2203
2203 2318
2203 2479
2203 2593
2203 2708
2203 2938
2203 2971
2203 3154
2204 2204
2204 2206
2204 2473
2205 2205
2206 2204
2206 2206
2206 2473
2207 2207
2208 1433
2208 1539
2208 2208
2209 1154
2209 2209
2209 2656
2209 2718
2210 1553
2210 1740
2210 2210
2210 2420
2211 2211
2212 2212
2213 310
2213 2213
2213 2543
2214 2095
2214 2214
2214 3131
2215 863
2215 1918
2215 1968
2215 1996
2215 2215
2216 2216
2217 1379
2217 1571
2217 1727
2217 1750
2217 1751
2217 1809
2217 1878
2217 2094
2217 2217
2217 2680
2218 1937
2218 2218
2218 2949
2218 3071
2219 249
2219 1171
2219 1236
2219 1326
2219 1353
2219 1488
2219 1547
2219 2219
2219 2272
2219 2452
2219 2597
2219 2725
2219 2855
2220 1682
2220 2052
2220 2220
2220 2516
2220 2725
2221 969
2221 1799
2221 1817
2221 1833
2221 2041
2221 2221
2222 2222
2223 1546
2223 2223
2224 2224
2225 1657
2225 1665
2225 2225
2226 306
2226 1833
2226 2226
2226 2355
2226 2419
2226 2873
2226 3142
2227 1197
2227 1337
2227 1876
2227 2227
2227 2279
2227 2378
2227 2481
2227 2499
2228 1364
2228 2228
2229 2002
2229 2043
2229 2229
2230 2141
2230 2230
2230 2528
2231 2231
2232 2232
2233 2233
2234 2234
2235 2235
2236 2236
2237 2237
2238 2238
2239 2239
2240 2240
2241 2241
2242 2242
2243 2243
2244 2244
2244 2570
2244 3071
2244 3118
2245 2245
2246 2246
2246 2479
2246 2737
2246 2866
2246 3003
2246 3029
2246 3154
2247 2247
2248 1625
2248 1707
2248 1852
2248 2248
2249 2249
2250 1784
2250 1785
2250 1972
2250 2017
2250 2106
2250 2108
2250 2250
2250 2973
2251 1357
2251 1495
2251 2154
2251 2251
2251 3183
2252 436
2252 2080
2252 2252
2253 2080
2253 2253
2254 2254
2255 1197
2255 1337
2255 2255
2255 2617
2256 848
2256 1830
2256 1935
2256 2256
2256 2359
2257 2202
2257 2257
2258 2258
2259 2259
2260 2260
2260 2685
2261 2261
2262 2262
2262 2597
2262 2690
2262 2725
2262 3112
2263 2263
2263 2469
2264 2264
2265 2265
2265 2659
2266 2266
2266 2646
2266 2791
2267 2267
2267 2566
2268 784
2268 2268
2269 987
2269 2269
2269 2692
2269 2695
2270 2270
2271 676
2271 1637
2271 2271
2272 1171
2272 1236
2272 1326
2272 1353
2272 2052
2272 2219
2272 2272
2273 2273
2273 2794
2274 2274
2275 1072
2275 1152
2275 2275
2275 2564
2276 1750
2276 1753
2276 2276
2276 2927
2276 3126
2277 2277
2277 2454
2278 1739
2278 2278
2279 1876
2279 2227
2279 2279
2280 2280
2281 1327
2281 2048
2281 2281
2282 2282
2283 2283
2284 2284
2285 2285
2285 2554
2285 2604
2286 1924
2286 2286
2287 2287
2287 2728
2288 2288
2288 3074
2288 3155
2289 1946
2289 2289
2290 2290
2291 2188
2291 2291
2291 2504
2292 2156
2292 2292
2293 1468
2293 2059
2293 2293
2294 2294
2295 2184
2295 2295
2296 1727
2296 1753
2296 2296
2297 2297
2297 3143
2298 1501
2298 1640
2298 2298
2299 2299
2300 2300
2300 2885
2301 2301
2301 3010
2302 2302
2303 2303
2304 2304
2305 2305
2306 2306
2307 2307
2308 1855
2308 2308
2308 2397
2309 1855
2309 2309
2310 2310
2311 2311
2312 2202
2312 2312
2312 2424
2313 1097
2313 1625
2313 2081
2313 2147
2313 2313
2313 2437
2314 727
2314 1347
2314 1833
2314 1986
2314 2314
2315 2315
2316 1197
2316 1571
2316 1692
2316 1748
2316 1752
2316 1780
2316 2125
2316 2147
2316 2316
2316 2873
2317 1652
2317 2317
2318 1407
2318 1718
2318 1748
2318 1750
2318 2015
2318 2016
2318 2079
2318 2187
2318 2202
2318 2203
2318 2318
2319 2079
2319 2149
2319 2319
2319 2596
2320 2320
2321 2321
2322 2163
2322 2166
2322 2169
2322 2322
2323 2323
2324 2324
2324 3183
2325 1302
2325 1322
2325 1833
2325 2191
2325 2325
2325 2410
2325 2456
2325 3185
2326 2326
2327 2327
2328 1750
2328 2328
2328 2477
2328 3002
2329 2329
2330 2330
2331 2331
2332 86
2332 87
2332 1792
2332 2332
2333 1579
2333 2333
2334 1661
2334 2334
2335 2335
2336 2336
2337 2337
2338 439
2338 618
2338 1111
2338 1591
2338 2338
2339 1190
2339 1490
2339 1682
2339 1835
2339 2339
2339 2823
2339 2981
2339 2985
2340 989
2340 1465
2340 1467
2340 2340
2340 2544
2340 3183
2341 1197
2341 1337
2341 1748
2341 2341
2342 1172
2342 1773
2342 1844
2342 2342
2343 1937
2343 2343
2344 1770
2344 2180
2344 2344
2344 2406
2344 2851
2344 3002
2344 3010
2344 3049
2345 1113
2345 2345
2346 2346
2347 1174
2347 2347
2347 2562
2348 500
2348 612
2348 773
2348 1647
2348 1715
2348 1793
2348 1893
2348 2042
2348 2348
2349 1417
2349 2349
2349 2353
2349 2354
2350 2350
2351 2093
2351 2351
2352 2093
2352 2352
2353 1417
2353 1520
2353 1596
2353 1678
2353 2349
2353 2353
2353 2354
2354 1417
2354 1520
2354 1596
2354 1882
2354 2039
2354 2349
2354 2353
2354 2354
2354 2639
2355 969
2355 1490
2355 2226
2355 2355
2355 2703
2355 2737
2355 2865
2355 2868
2355 2940
2355 2957
2355 3003
2355 3029
2356 1522
2356 1828
2356 2034
2356 2356
2357 273
2357 1745
2357 1750
2357 1752
2357 2357
2357 2376
2357 2624
2357 2625
2357 2668
2358 1784
2358 2202
2358 2358
2359 848
2359 1830
2359 1935
2359 2256
2359 2359
2360 1971
2360 2360
2361 2361
2361 2364
2362 2362
2362 2640
2363 2363
2363 2365
2364 986
2364 1753
2364 1923
2364 2361
2364 2364
2364 3151
2365 2363
2365 2365
2366 2366
2366 3002
2367 2367
2368 2368
2369 1725
2369 2369
2370 2370
2370 2848
2371 1745
2371 2371
2372 1409
2372 1750
2372 1809
2372 1950
2372 2372
2372 2373
2372 2379
2372 2449
2372 2594
2372 2995
2372 3005
2372 3066
2373 1727
2373 1900
2373 2372
2373 2373
2373 2449
2373 3005
2373 3066
2374 2374
2374 2627
2374 2890
2374 3071
2375 1197
2375 1748
2375 1959
2375 2375
2375 2699
2375 3127
2376 1470
2376 1745
2376 1748
2376 2357
2376 2376
2376 2435
2376 2625
2376 2867
2376 2869
2377 1470
2377 2079
2377 2377
2378 1748
2378 1876
2378 2227
2378 2378
2378 2703
2378 2866
2379 1750
2379 2372
2379 2379
2379 2628
2379 2867
2379 2927
2379 2950
2380 2380
2381 2381
2382 2382
2383 2383
2384 2384
2385 2385
2386 1416
2386 2386
2386 2851
2386 3049
2386 3189
2387 307
2387 308
2387 2387
2387 2454
2387 2492
2387 2888
2387 2967
2388 2077
2388 2388
2389 2389
2389 2518
2390 2390
2391 1599
2391 2054
2391 2391
2392 1857
2392 2070
2392 2392
2393 1871
2393 1902
2393 2393
2393 2532
2394 2394
2395 1486
2395 1855
2395 2091
2395 2126
2395 2395
2396 2396
2397 2308
2397 2397
2398 2398
2399 2399
2399 2787
2399 2909
2400 2400
2401 2401
2402 2402
2403 2118
2403 2403
2404 2404
2405 2045
2405 2405
2405 2716
2406 2162
2406 2180
2406 2344
2406 2406
2406 3002
2407 2407
2408 2408
2409 2409
2410 2137
2410 2325
2410 2410
2411 2411
2411 2542
2411 3052
2412 2174
2412 2412
2413 2413
2414 1039
2414 1981
2414 2073
2414 2414
2415 1599
2415 2057
2415 2415
2416 520
2416 2416
2416 2833
2416 2883
2416 3114
2417 2417
2418 2418
2418 2824
2419 2226
2419 2419
2420 1740
2420 2210
2420 2420
2420 2673
2421 2421
2422 1336
2422 2014
2422 2422
2422 2732
2423 1748
2423 2423
2424 2312
2424 2424
2425 2425
2426 1580
2426 1635
2426 2426
2427 2427
2428 2428
2429 1960
2429 2429
2430 2430
2431 1974
2431 2431
2432 2432
2432 2784
2433 1750
2433 2433
2434 1183
2434 2434
2434 2595
2434 2746
2434 2767
2434 2844
2434 2901
2434 2910
2434 2954
2435 2376
2435 2435
2435 2839
2435 2868
2435 3127
2435 3157
2436 2202
2436 2436
2437 1825
2437 2313
2437 2437
2437 2624
2437 2921
2437 3080
2437 3100
2437 3111
2438 2438
2439 2439
2440 2440
2441 2441
2442 746
2442 2442
2443 2443
2444 2444
2445 2445
2446 2446
2447 2447
2448 2448
2448 2658
2449 2372
2449 2373
2449 2449
2450 848
2450 943
2450 1934
2450 1935
2450 2450
2450 2764
2450 2964
2451 848
2451 1935
2451 1975
2451 2197
2451 2451
2451 2764
2451 2881
2452 752
2452 1171
2452 1353
2452 2052
2452 2219
2452 2452
2452 2597
2452 2855
2453 2453
2453 2711
2453 2740
2453 3069
2454 2277
2454 2387
2454 2454
2454 2888
2454 2967
2454 3041
2455 2455
2455 2708
2455 3003
2455 3120
2456 2191
2456 2325
2456 2456
2456 2980
2456 3029
2456 3076
2456 3103
2457 2457
2458 1113
2458 2458
2459 2459
2460 2460
2461 2461
2462 2462
2463 2463
2464 2464
2465 2044
2465 2465
2465 2833
2465 3114
2466 1605
2466 2466
2467 2467
2468 2468
2469 1302
2469 1468
2469 1833
2469 2263
2469 2469
2470 2470
2471 2471
2472 2472
2473 2204
2473 2206
2473 2473
2474 2474
2475 2475
2476 2476
2476 2573
2476 2708
2476 3185
2477 1204
2477 1770
2477 2328
2477 2477
2477 3002
2478 2019
2478 2478
2478 2851
2478 3002
2479 2203
2479 2246
2479 2479
2479 3002
2480 1900
2480 2480
2481 1748
2481 1876
2481 2227
2481 2481
2482 2482
2483 2483
2484 2484
2484 2976
2484 2984
2484 3010
2484 3034
2485 2485
2486 2486
2487 2487
2488 1218
2488 2103
2488 2488
2489 2176
2489 2489
2490 2490
2490 2747
2490 3143
2491 1547
2491 2491
2492 2387
2492 2492
2492 2815
2492 3128
2493 2493
2494 2494
2495 2495
2495 2627
2495 3096
2496 1470
2496 2181
2496 2496
2497 1878
2497 2497
2497 2910
2498 1750
2498 2498
2498 3113
2499 2227
2499 2499
2500 1501
2500 1750
2500 2500
2500 2622
2501 2501
2502 2502
2503 2503
2504 520
2504 2188
2504 2291
2504 2504
2504 2907
2505 986
2505 2505
2506 2506
2507 2507
2508 2508
2509 2509
2510 2510
2511 2511
2512 1548
2512 1971
2512 2512
2512 2854
2513 2513
2514 1722
2514 2514
2515 2515
2516 1683
2516 2052
2516 2220
2516 2516
2516 2615
2516 3033
2517 1547
2517 1683
2517 2517
2518 2389
2518 2518
2519 2519
2520 2027
2520 2030
2520 2520
2520 2761
2520 3134
2521 2521
2521 2927
2522 2522
2522 2979
2523 1784
2523 2523
2523 2574
2523 2965
2523 3133
2524 1473
2524 2524
2525 1727
2525 2525
2526 1541
2526 2526
2527 2527
2528 2230
2528 2528
2529 2106
2529 2529
2529 2536
2530 2530
2530 2661
2531 2138
2531 2531
2531 2630
2532 2393
2532 2532
2533 798
2533 829
2533 1786
2533 1958
2533 1972
2533 2110
2533 2181
2533 2533
2533 2707
2533 2819
2533 2970
2533 3044
2534 2534
2535 1522
2535 2535
2535 2918
2536 2106
2536 2529
2536 2536
2536 2622
2536 2818
2537 2537
2537 2898
2537 3002
2538 2538
2539 2539
2540 798
2540 2540
2540 3185
2541 2541
2542 331
2542 1784
2542 1785
2542 1972
2542 2106
2542 2108
2542 2411
2542 2542
2542 3052
2542 3082
2543 310
2543 1523
2543 2213
2543 2543
2544 1738
2544 1780
2544 2340
2544 2544
2544 2745
2545 403
2545 1476
2545 1490
2545 2125
2545 2545
2545 3183
2546 1325
2546 1924
2546 2546
2546 2986
2547 713
2547 2547
2548 2548
2549 428
2549 1572
2549 2073
2549 2549
2550 2550
2550 2657
2551 331
2551 910
2551 1784
2551 2202
2551 2551
2551 3082
2552 2552
2553 2553
2554 2285
2554 2554
2555 829
2555 1934
2555 1935
2555 2110
2555 2555
2555 2697
2555 2707
2556 436
2556 2556
2556 3074
2556 3084
2557 1470
2557 2059
2557 2557
2557 2867
2557 2938
2557 2940
2558 1784
2558 1972
2558 2106
2558 2558
2559 2559
2560 2126
2560 2560
2561 2561
2562 2347
2562 2562
2563 2563
2564 1715
2564 2275
2564 2564
2565 2565
2566 754
2566 2267
2566 2566
2567 2567
2568 2568
2568 2846
2568 2927
2568 3045
2568 3097
2568 3106
2569 2569
2570 2244
2570 2570
2571 2571
2571 3178
2572 1785
2572 2017
2572 2106
2572 2572
2573 2476
2573 2573
2574 2523
2574 2574
2575 2575
2576 2576
2577 2577
2578 1534
2578 1806
2578 1946
2578 2578
2579 2579
2580 1988
2580 2580
2581 1750
2581 1923
2581 2016
2581 2129
2581 2581
2582 2582
2582 3141
2583 2583
2584 2584
2585 2585
2586 2586
2586 2611
2587 2587
2587 2611
2588 1352
2588 2588
2589 887
2589 2589
2590 2123
2590 2590
2591 2591
2592 2592
2592 2918
2593 1770
2593 2154
2593 2203
2593 2593
2593 2974
2593 3185
2594 2372
2594 2594
2594 2995
2594 3005
2594 3066
2595 1183
2595 1878
2595 2434
2595 2595
2595 2901
2595 2954
2596 2149
2596 2319
2596 2596
2596 2864
2596 2865
2596 2897
2596 2971
2596 3042
2596 3127
2596 3143
2597 1171
2597 1547
2597 2219
2597 2262
2597 2452
2597 2597
2597 2690
2597 2844
2597 2855
2597 3112
2598 2598
2598 3088
2599 2599
2600 2600
2601 2601
2602 762
2602 1490
2602 2602
2603 1976
2603 2603
2604 1025
2604 2285
2604 2604
2605 2605
2606 2606
2606 2755
2606 3075
2606 3178
2607 2607
2608 2608
2609 2609
2610 2610
2611 2586
2611 2587
2611 2611
2612 2612
2613 2613
2614 2614
2615 930
2615 1547
2615 1683
2615 2516
2615 2615
2616 2616
2617 1197
2617 1337
2617 1748
2617 2255
2617 2617
2617 2894
2618 1418
2618 1428
2618 2618
2619 2619
2620 2620
2621 2621
2622 2500
2622 2536
2622 2622
2623 2623
2623 3143
2624 1470
2624 1752
2624 2357
2624 2437
2624 2624
2624 2625
2624 2867
2624 3104
2624 3143
2625 1745
2625 2357
2625 2376
2625 2624
2625 2625
2625 2628
2625 2839
2626 2626
2627 2374
2627 2495
2627 2627
2627 2890
2628 1501
2628 2379
2628 2625
2628 2628
2628 2785
2628 2839
2628 2918
2628 3016
2628 3109
2628 3173
2629 575
2629 2629
2629 2756
2629 2932
2630 2138
2630 2531
2630 2630
2631 1470
2631 1748
2631 2079
2631 2631
2631 2867
2631 2869
2631 2875
2631 3104
2631 3143
2632 698
2632 2632
2632 2986
2633 2633
2634 2634
2635 2635
2636 2636
2637 2637
2638 2638
2639 2354
2639 2639
2640 2362
2640 2640
2641 2641
2641 2758
2642 2642
2642 2705
2643 2643
2644 2644
2644 2718
2644 3093
2644 3183
2645 2645
2646 2266
2646 2646
2646 2791
2647 2647
2648 2648
2649 575
2649 679
2649 829
2649 2110
2649 2649
2650 2650
2650 2722
2650 2940
2650 2955
2650 3029
2651 2651
2651 3183
2652 1954
2652 2652
2653 1954
2653 2653
2654 2654
2654 2655
2655 2654
2655 2655
2656 2209
2656 2656
2656 2718
2657 2550
2657 2657
2658 2448
2658 2658
2659 2265
2659 2659
2660 2660
2661 2530
2661 2661
2662 2662
2663 2663
2663 2713
2663 3074
2664 1382
2664 1548
2664 2664
2664 2765
2664 2953
2664 3105
2665 2665
2666 1603
2666 1727
2666 1826
2666 2666
2667 1603
2667 1727
2667 1760
2667 1826
2667 2667
2667 2676
2668 1750
2668 1900
2668 2016
2668 2357
2668 2668
2669 2669
2670 2670
2671 2671
2672 2672
2672 2703
2672 2769
2672 3052
2673 1740
2673 2003
2673 2420
2673 2673
2673 2686
2674 2674
2675 2675
2676 2667
2676 2676
2677 2677
2678 307
2678 506
2678 715
2678 782
2678 969
2678 1174
2678 1189
2678 1227
2678 1968
2678 1996
2678 2041
2678 2678
2678 3053
2678 3186
2679 2679
2680 2217
2680 2680
2681 2681
2681 3066
2682 2682
2682 2873
2682 3103
2683 1302
2683 1322
2683 2683
2683 3183
2684 2684
2684 2784
2684 2875
2685 2260
2685 2685
2686 1740
2686 1914
2686 2003
2686 2673
2686 2686
2687 2113
2687 2687
2687 2975
2688 2688
2689 202
2689 578
2689 2689
2689 2852
2690 2262
2690 2597
2690 2690
2690 3112
2691 1914
2691 2691
2692 987
2692 2269
2692 2692
2692 2695
2693 1477
2693 2693
2694 2694
2695 2269
2695 2692
2695 2695
2696 2696
2697 679
2697 798
2697 1476
2697 1490
2697 1780
2697 2109
2697 2555
2697 2697
2698 2698
2699 2375
2699 2699
2700 2700
2701 2701
2702 2702
2702 2885
2703 1246
2703 1551
2703 1748
2703 2355
2703 2378
2703 2672
2703 2703
2703 2944
2703 3149
2704 1907
2704 2704
2704 3184
2705 2642
2705 2705
2706 1184
2706 2706
2706 3052
2707 679
2707 1476
2707 1490
2707 1786
2707 2110
2707 2533
2707 2555
2707 2707
2707 3092
2708 1424
2708 2137
2708 2203
2708 2455
2708 2476
2708 2708
2708 2820
2708 3120
2709 615
2709 1514
2709 2045
2709 2709
2709 2714
2710 2710
2711 2453
2711 2711
2712 2712
2713 2663
2713 2713
2713 3074
2714 2045
2714 2709
2714 2714
2714 2715
2714 2900
2715 2045
2715 2714
2715 2715
2716 2045
2716 2405
2716 2716
2717 2045
2717 2717
2717 3146
2718 209
2718 1625
2718 2150
2718 2166
2718 2209
2718 2644
2718 2656
2718 2718
2719 2719
2720 2720
2721 2721
2722 209
2722 626
2722 730
2722 1548
2722 1748
2722 1825
2722 2650
2722 2722
2722 2837
2722 2895
2722 3038
2722 3073
2722 3111
2723 2723
2724 2724
2725 1171
2725 1326
2725 1353
2725 1487
2725 1488
2725 1547
2725 2219
2725 2220
2725 2262
2725 2725
2726 2726
2726 2951
2727 2727
2728 2287
2728 2728
2728 2800
2729 1486
2729 2729
2730 2730
2730 2798
2730 3158
2730 3165
2730 3166
2731 195
2731 1833
2731 2731
2731 2895
2731 2971
2731 3036
2731 3038
2731 3042
2731 3072
2732 798
2732 1780
2732 2178
2732 2422
2732 2732
2732 2785
2733 1878
2733 2094
2733 2733
2733 2901
2733 2910
2733 2982
2734 2734
2734 2822
2735 1625
2735 1825
2735 1852
2735 1971
2735 2735
2735 2832
2735 2844
2735 3111
2736 2736
2736 2996
2737 1748
2737 2079
2737 2246
2737 2355
2737 2737
2737 2776
2737 2971
2738 1988
2738 2738
2739 1748
2739 1876
2739 2079
2739 2739
2740 1525
2740 1748
2740 2453
2740 2740
2740 3015
2740 3069
2740 3152
2741 2741
2741 2843
2741 2935
2741 3063
2742 2742
2743 2743
2744 2744
2744 2962
2744 3113
2745 1664
2745 1738
2745 2138
2745 2544
2745 2745
2745 2785
2745 2915
2746 2434
2746 2746
2746 2772
2746 2844
2746 2901
2746 2954
2747 2490
2747 2747
2748 2748
2749 2749
2750 2750
2750 2815
2750 2826
2750 2827
2750 2912
2750 3046
2751 2751
2752 1184
2752 2752
2753 2753
2754 2754
2755 2606
2755 2755
2756 1058
2756 2629
2756 2756
2756 2932
2757 2757
2758 2641
2758 2758
2759 2759
2760 2760
2761 2520
2761 2761
2762 1846
2762 2762
2763 2763
2764 615
2764 1935
2764 1975
2764 2045
2764 2450
2764 2451
2764 2764
2764 2975
2765 2664
2765 2765
2765 2854
2765 2953
2765 3105
2766 1938
2766 2766
2766 2843
2766 2935
2766 3050
2766 3063
2766 3108
2767 1183
2767 2434
2767 2767
2767 2844
2767 2901
2768 634
2768 2768
2769 1785
2769 1868
2769 1972
2769 1991
2769 2017
2769 2108
2769 2672
2769 2769
2769 3052
2770 2770
2770 2826
2770 3115
2771 1115
2771 1428
2771 2771
2772 2746
2772 2772
2772 2910
2772 2954
2773 2773
2774 2774
2775 2775
2776 2149
2776 2737
2776 2776
2777 2777
2778 2778
2779 2779
2780 2202
2780 2780
2781 2781
2782 306
2782 308
2782 2782
2782 2783
2783 308
2783 1728
2783 2782
2783 2783
2783 2836
2784 2432
2784 2684
2784 2784
2785 2628
2785 2732
2785 2745
2785 2785
2786 1115
2786 1428
2786 2786
2787 2399
2787 2787
2787 2909
2788 2788
2789 2789
2790 2790
2791 2266
2791 2646
2791 2791
2792 1605
2792 2792
2793 2793
2794 1927
2794 1988
2794 2273
2794 2794
2795 2795
2795 2865
2796 2796
2797 2797
2797 3118
2798 2730
2798 2798
2798 3158
2798 3165
2798 3166
2799 2799
2800 2728
2800 2800
2801 1424
2801 2801
2802 2802
2803 2803
2804 2804
2805 2805
2806 2806
2807 2807
2808 2808
2809 2809
2810 2810
2811 2811
2812 2812
2813 2813
2814 2814
2815 2492
2815 2750
2815 2815
2815 2828
2815 3128
2816 2045
2816 2816
2816 3147
2817 2817
2818 2536
2818 2818
2819 798
2819 2533
2819 2819
2820 2708
2820 2820
2821 2821
2822 2734
2822 2822
2822 3021
2822 3122
2823 1490
2823 1682
2823 2339
2823 2823
2824 2418
2824 2824
2825 2825
2826 2750
2826 2770
2826 2826
2827 1750
2827 2003
2827 2750
2827 2827
2827 2840
2828 2815
2828 2828
2828 3046
2829 2829
2830 2830
2831 2831
2832 1625
2832 1825
2832 2735
2832 2832
2832 2854
2832 2943
2832 3111
2833 968
2833 2044
2833 2416
2833 2465
2833 2833
2834 2834
2835 2835
2836 2783
2836 2836
2836 2841
2837 209
2837 2722
2837 2837
2837 3111
2838 2838
2838 2888
2838 3008
2838 3041
2838 3064
2838 3095
2838 3162
2839 1470
2839 1745
2839 2435
2839 2625
2839 2628
2839 2839
2839 3075
2840 2827
2840 2840
2841 209
2841 2059
2841 2147
2841 2191
2841 2836
2841 2841
2841 3149
2841 3183
2842 2842
2843 969
2843 1058
2843 2741
2843 2766
2843 2843
2843 3050
2843 3108
2844 1183
2844 2434
2844 2597
2844 2735
2844 2746
2844 2767
2844 2844
2845 154
2845 2845
2845 3040
2846 2568
2846 2846
2846 3045
2846 3097
2847 2847
2848 2370
2848 2848
2848 3031
2848 3118
2849 2849
2849 3079
2850 1876
2850 2149
2850 2850
2851 1416
2851 1770
2851 2344
2851 2386
2851 2478
2851 2851
2852 578
2852 2689
2852 2852
2853 2853
2854 209
2854 1548
2854 1825
2854 1971
2854 2512
2854 2765
2854 2832
2854 2854
2854 2997
2854 3105
2855 1171
2855 1326
2855 1353
2855 2052
2855 2219
2855 2452
2855 2597
2855 2855
2855 3032
2855 3112
2856 730
2856 1392
2856 2856
2857 2193
2857 2857
2857 3109
2858 1524
2858 1675
2858 2858
2858 2917
2858 3118
2859 491
2859 1327
2859 2202
2859 2859
2860 2860
2860 2961
2860 3121
2860 3122
2861 1727
2861 2861
2862 1727
2862 1750
2862 1900
2862 2862
2862 3066
2863 2863
2863 2999
2863 3066
2864 1833
2864 2596
2864 2864
2864 3127
2864 3147
2865 2355
2865 2596
2865 2795
2865 2865
2865 2937
2865 2945
2865 3127
2866 1748
2866 2246
2866 2378
2866 2866
2867 2079
2867 2376
2867 2379
2867 2557
2867 2624
2867 2631
2867 2867
2867 3104
2868 2355
2868 2435
2868 2868
2868 3067
2869 952
2869 2376
2869 2631
2869 2869
2869 2944
2869 3127
2870 2870
2870 2873
2871 2871
2872 2872
2873 520
2873 1681
2873 2226
2873 2316
2873 2682
2873 2870
2873 2873
2874 2874
2875 2631
2875 2684
2875 2875
2876 2876
2876 3102
2877 2877
2878 209
2878 2878
2879 2879
2880 1750
2880 2880
2881 626
2881 2197
2881 2451
2881 2881
2881 2975
2882 2194
2882 2882
2883 2416
2883 2883
2883 2907
2883 3114
2884 2884
2884 3060
2885 2300
2885 2702
2885 2885
2886 1645
2886 2110
2886 2886
2886 3144
2887 615
2887 2045
2887 2887
2888 2137
2888 2387
2888 2454
2888 2838
2888 2888
2888 3041
2888 3095
2888 3162
2889 2889
2890 2374
2890 2627
2890 2890
2890 3152
2891 2891
2892 2892
2893 1950
2893 2015
2893 2893
2894 2149
2894 2617
2894 2894
2895 1833
2895 2722
2895 2731
2895 2895
2895 3038
2896 2896
2897 2596
2897 2897
2897 2945
2898 1770
2898 2537
2898 2898
2899 2899
2900 1975
2900 2045
2900 2714
2900 2900
2901 1050
2901 1061
2901 1183
2901 1210
2901 1551
2901 1878
2901 2434
2901 2595
2901 2733
2901 2746
2901 2767
2901 2901
2902 2191
2902 2902
2903 2903
2904 828
2904 2904
2904 3040
2904 3125
2904 3175
2905 615
2905 2905
2906 2906
2907 520
2907 2504
2907 2883
2907 2907
2908 2908
2909 2399
2909 2787
2909 2909
2910 272
2910 1878
2910 2434
2910 2497
2910 2733
2910 2772
2910 2910
2910 2982
2911 2149
2911 2911
2911 3127
2912 2750
2912 2912
2913 2913
2914 1501
2914 1899
2914 2914
2915 2745
2915 2915
2915 3161
2916 2916
2917 2858
2917 2917
2918 2535
2918 2592
2918 2628
2918 2918
2919 1876
2919 2919
2920 1988
2920 2109
2920 2920
2921 2437
2921 2921
2922 1806
2922 1946
2922 2922
2923 2923
2924 2924
2925 2925
2926 1536
2926 1537
2926 1538
2926 1839
2926 1840
2926 2926
2926 3036
2927 1750
2927 2276
2927 2379
2927 2521
2927 2568
2927 2927
2928 2928
2928 3183
2929 2929
2930 2930
2931 2931
2932 2629
2932 2756
2932 2932
2933 2933
2933 3183
2934 2934
2935 2741
2935 2766
2935 2935
2935 3063
2936 2137
2936 2936
2937 2865
2937 2937
2938 2203
2938 2557
2938 2938
2938 3030
2938 3104
2938 3147
2938 3149
2939 2939
2939 3149
2940 1470
2940 2355
2940 2557
2940 2650
2940 2940
2940 3149
2941 2941
2942 1833
2942 2942
2942 3149
2943 2832
2943 2943
2943 2997
2944 1946
2944 2703
2944 2869
2944 2944
2945 2149
2945 2865
2945 2897
2945 2945
2946 2946
2947 2947
2948 2948
2949 2218
2949 2949
2950 2379
2950 2950
2951 141
2951 161
2951 162
2951 191
2951 2184
2951 2726
2951 2951
2952 2952
2952 3019
2953 2664
2953 2765
2953 2953
2953 3105
2954 1183
2954 2434
2954 2595
2954 2746
2954 2772
2954 2954
2955 1378
2955 2650
2955 2955
2955 3048
2956 2045
2956 2956
2956 3048
2957 2355
2957 2957
2957 3029
2957 3030
2957 3048
2958 2045
2958 2958
2959 2959
2959 3048
2960 720
2960 2960
2961 2860
2961 2961
2961 3121
2961 3122
2962 2744
2962 2962
2963 2963
2964 2045
2964 2450
2964 2964
2964 3167
2964 3168
2965 2523
2965 2965
2966 2150
2966 2966
2967 2387
2967 2454
2967 2967
2967 3041
2968 2968
2969 2969
2970 1834
2970 1973
2970 2533
2970 2970
2971 969
2971 2203
2971 2596
2971 2731
2971 2737
2971 2971
2971 3029
2972 2972
2972 3155
2973 2108
2973 2250
2973 2973
2974 2593
2974 2974
2975 2687
2975 2764
2975 2881
2975 2975
2976 2484
2976 2976
2977 1934
2977 2977
2977 3057
2977 3062
2978 2978
2979 2522
2979 2979
2980 2456
2980 2980
2980 3013
2981 1490
2981 1835
2981 2339
2981 2981
2982 2733
2982 2910
2982 2982
2983 1907
2983 2983
2984 2484
2984 2984
2985 1490
2985 1682
2985 1835
2985 2178
2985 2339
2985 2985
2986 420
2986 523
2986 1325
2986 1629
2986 2124
2986 2546
2986 2632
2986 2986
2986 3164
2987 1749
2987 2987
2987 3058
2987 3069
2988 1068
2988 2137
2988 2988
2988 3024
2989 2989
2989 3133
2990 1784
2990 2106
2990 2202
2990 2990
2991 2991
2992 2992
2993 2993
2994 2994
2995 1750
2995 2372
2995 2594
2995 2995
2996 2736
2996 2996
2996 3150
2997 2854
2997 2943
2997 2997
2997 3105
2998 2998
2999 1878
2999 2094
2999 2863
2999 2999
3000 2032
3000 2138
3000 3000
3001 3001
3001 3167
3002 1658
3002 1677
3002 1926
3002 1944
3002 2096
3002 2146
3002 2162
3002 2186
3002 2328
3002 2344
3002 2366
3002 2406
3002 2477
3002 2478
3002 2479
3002 2537
3002 3002
3002 3129
3003 1424
3003 2246
3003 2355
3003 2455
3003 3003
3003 3185
3004 2137
3004 3004
3005 1750
3005 1883
3005 2372
3005 2373
3005 2594
3005 3005
3005 3066
3006 3006
3007 208
3007 3007
3008 2838
3008 3008
3008 3095
3008 3162
3009 3009
3010 2074
3010 2301
3010 2344
3010 2484
3010 3010
3011 3011
3012 3012
3013 1833
3013 2980
3013 3013
3013 3156
3014 3014
3015 1900
3015 2740
3015 3015
3016 2628
3016 3016
3017 3017
3018 3018
3019 2952
3019 3019
3020 3020
3020 3037
3020 3110
3020 3176
3021 2822
3021 3021
3021 3122
3022 3022
3023 3023
3024 2137
3024 2988
3024 3024
3025 3025
3026 3026
3026 3027
3027 3026
3027 3027
3028 3028
3029 2246
3029 2355
3029 2456
3029 2650
3029 2957
3029 2971
3029 3029
3030 2938
3030 2957
3030 3030
3031 2848
3031 3031
3032 2855
3032 3032
3033 1683
3033 2052
3033 2516
3033 3033
3034 2484
3034 3034
3035 3035
3036 2731
3036 2926
3036 3036
3037 3020
3037 3037
3037 3157
3038 2722
3038 2731
3038 2895
3038 3038
3039 1144
3039 3039
3040 2845
3040 2904
3040 3040
3041 2454
3041 2838
3041 2888
3041 2967
3041 3041
3042 2596
3042 2731
3042 3042
3043 1302
3043 3043
3044 1476
3044 1490
3044 2533
3044 3044
3045 2568
3045 2846
3045 3045
3045 3097
3046 2750
3046 2828
3046 3046
3047 3047
3048 2955
3048 2956
3048 2957
3048 2959
3048 3048
3049 2344
3049 2386
3049 3049
3050 2766
3050 2843
3050 3050
3051 1900
3051 3051
3052 1328
3052 1784
3052 1972
3052 1991
3052 2106
3052 2108
3052 2411
3052 2542
3052 2672
3052 2706
3052 2769
3052 3052
3053 306
3053 307
3053 308
3053 775
3053 1174
3053 1879
3053 1918
3053 1968
3053 1979
3053 1996
3053 2016
3053 2678
3053 3053
3054 3054
3054 3169
3055 3055
3056 3056
3057 2977
3057 3057
3058 1684
3058 2987
3058 3058
3059 986
3059 1899
3059 2153
3059 3059
3060 2884
3060 3060
3061 1870
3061 1924
3061 3061
3062 2977
3062 3062
3063 1845
3063 1938
3063 2741
3063 2766
3063 2935
3063 3063
3064 2838
3064 3064
3064 3095
3064 3162
3065 3065
3066 1750
3066 2372
3066 2373
3066 2594
3066 2681
3066 2862
3066 2863
3066 3005
3066 3066
3067 1833
3067 2868
3067 3067
3067 3104
3068 3068
3068 3183
3069 1804
3069 2453
3069 2740
3069 2987
3069 3069
3070 2164
3070 3070
3071 1712
3071 2218
3071 2244
3071 2374
3071 3071
3072 195
3072 798
3072 2731
3072 3072
3072 3147
3072 3149
3072 3154
3073 1825
3073 1852
3073 1971
3073 2722
3073 3073
3074 2288
3074 2556
3074 2663
3074 2713
3074 3074
3074 3155
3075 2606
3075 2839
3075 3075
3075 3141
3075 3177
3075 3178
3075 3181
3075 3182
3076 209
3076 1833
3076 2059
3076 2456
3076 3076
3077 3077
3078 3078
3079 209
3079 2849
3079 3079
3080 2437
3080 3080
3081 3081
3081 3127
3082 1327
3082 1972
3082 2106
3082 2542
3082 2551
3082 3082
3083 3083
3084 2556
3084 3084
3085 3085
3086 1988
3086 2045
3086 3086
3087 3087
3088 2598
3088 3088
3089 3089
3089 3116
3090 1791
3090 3090
3091 3091
3092 679
3092 1490
3092 2178
3092 2707
3092 3092
3093 1264
3093 2178
3093 2644
3093 3093
3094 3094
3095 2838
3095 2888
3095 3008
3095 3064
3095 3095
3095 3162
3096 2495
3096 3096
3097 2568
3097 2846
3097 3045
3097 3097
3098 1312
3098 2030
3098 3098
3099 3099
3100 2137
3100 2192
3100 2437
3100 3100
3100 3184
3101 3101
3102 1859
3102 2876
3102 3102
3103 2456
3103 2682
3103 3103
3103 3169
3104 1470
3104 2624
3104 2631
3104 2867
3104 2938
3104 3067
3104 3104
3105 209
3105 1548
3105 1971
3105 2664
3105 2765
3105 2854
3105 2953
3105 2997
3105 3105
3106 2568
3106 3106
3107 3107
3108 2766
3108 2843
3108 3108
3109 2193
3109 2628
3109 2857
3109 3109
3110 3020
3110 3110
3110 3157
3111 105
3111 730
3111 1379
3111 1825
3111 1971
3111 2437
3111 2722
3111 2735
3111 2832
3111 2837
3111 3111
3112 1353
3112 2262
3112 2597
3112 2690
3112 2855
3112 3112
3113 1501
3113 2498
3113 2744
3113 3113
3114 578
3114 784
3114 906
3114 2044
3114 2416
3114 2465
3114 2883
3114 3114
3115 2770
3115 3115
3115 3171
3116 3089
3116 3116
3117 3117
3118 2244
3118 2797
3118 2848
3118 2858
3118 3118
3119 3119
3120 307
3120 308
3120 1311
3120 2455
3120 2708
3120 3120
3121 2860
3121 2961
3121 3121
3122 2822
3122 2860
3122 2961
3122 3021
3122 3122
3123 1468
3123 3123
3124 3124
3125 2904
3125 3125
3126 2079
3126 2276
3126 3126
3127 2149
3127 2375
3127 2435
3127 2596
3127 2864
3127 2865
3127 2869
3127 2911
3127 3081
3127 3127
3128 2492
3128 2815
3128 3128
3129 1770
3129 3002
3129 3129
3130 892
3130 1147
3130 3130
3131 2214
3131 3131
3132 3132
3132 3153
3133 1975
3133 2159
3133 2523
3133 2989
3133 3133
3134 2520
3134 3134
3135 3135
3136 3136
3137 1312
3137 3137
3138 3138
3139 3139
3139 3177
3140 3140
3141 2582
3141 3075
3141 3141
3141 3177
3142 1833
3142 2226
3142 3142
3143 1470
3143 2297
3143 2490
3143 2596
3143 2623
3143 2624
3143 2631
3143 3143
3144 2886
3144 3144
3145 3145
3146 2717
3146 3146
3147 1859
3147 2816
3147 2864
3147 2938
3147 3072
3147 3147
3147 3149
3148 3148
3149 2059
3149 2703
3149 2841
3149 2938
3149 2939
3149 2940
3149 2942
3149 3072
3149 3147
3149 3149
3150 2996
3150 3150
3151 1923
3151 2364
3151 3151
3152 2740
3152 2890
3152 3152
3153 2045
3153 2109
3153 3132
3153 3153
3154 798
3154 2203
3154 2246
3154 3072
3154 3154
3155 2288
3155 2972
3155 3074
3155 3155
3156 3013
3156 3156
3157 2435
3157 3037
3157 3110
3157 3157
3158 2730
3158 2798
3158 3158
3158 3165
3159 3159
3160 3160
3161 2915
3161 3161
3162 2838
3162 2888
3162 3008
3162 3064
3162 3095
3162 3162
3163 1711
3163 3163
3164 1325
3164 2986
3164 3164
3165 1410
3165 2730
3165 2798
3165 3158
3165 3165
3165 3166
3166 2730
3166 2798
3166 3165
3166 3166
3167 2964
3167 3001
3167 3167
3168 2964
3168 3168
3169 3054
3169 3103
3169 3169
3170 3170
3171 3115
3171 3171
3172 3172
3173 2628
3173 3173
3174 3174
3175 2904
3175 3175
3176 3020
3176 3176
3177 3075
3177 3139
3177 3141
3177 3177
3177 3178
3177 3179
3177 3180
3177 3181
3178 2571
3178 2606
3178 3075
3178 3177
3178 3178
3179 3177
3179 3179
3180 3177
3180 3180
3181 3075
3181 3177
3181 3181
3182 3075
3182 3182
3183 556
3183 668
3183 678
3183 690
3183 760
3183 948
3183 988
3183 1085
3183 1131
3183 1197
3183 1233
3183 1262
3183 1264
3183 1269
3183 1322
3183 1357
3183 1378
3183 1379
3183 1452
3183 1463
3183 1483
3183 1490
3183 1497
3183 1612
3183 1613
3183 1748
3183 1780
3183 1824
3183 1859
3183 2082
3183 2177
3183 2178
3183 2251
3183 2324
3183 2340
3183 2545
3183 2644
3183 2651
3183 2683
3183 2841
3183 2928
3183 2933
3183 3068
3183 3183
3184 302
3184 437
3184 2704
3184 3100
3184 3184
3185 2192
3185 2325
3185 2476
3185 2540
3185 2593
3185 3003
3185 3185
3186 1918
3186 2678
3186 3186
3187 611
3187 1593
3187 1780
3187 3187
3188 1787
3188 3188
3189 2386
3189 3189
3190 2188
3190 3190
3191 1082
3191 3191
3192 490
3192 1082
3192 3192
3193 203
3193 3193
3194 689
3194 3194
3195 1070
3195 3195
3196 688
3196 3196
3197 1541
3197 3197
3198 1395
3198 3198
3199 1395
3199 3199
3200 1395
3200 3200
3201 1395
3201 3201
3202 1395
3202 3202
3203 1395
3203 3203
