01 Q 1410 1
01 Q 1572 1
01 Q 1605 1
01 Q 2020 1
01 Q 2358 1
02 Q 2434 1
02 Q 2863 1
02 Q 3078 1
03 Q 1134 1
03 Q 1613 1
03 Q 1807 1
03 Q 1947 1
03 Q 2290 1
03 Q 2923 1
04 Q 1749 1
04 Q 1811 1
04 Q 2256 1
04 Q 2371 1
04 Q 2597 1
04 Q 2796 1
04 Q 2912 1
04 Q 3043 1
04 Q 3073 1
04 Q 3082 1
04 Q 3127 1
04 Q 3128 1
05 Q 0756 1
05 Q 1307 1
05 Q 1502 1
05 Q 2035 1
05 Q 2299 1
05 Q 2399 1
05 Q 2501 1
05 Q 2820 1
06 Q 1543 1
06 Q 2078 1
06 Q 2828 1
07 Q 1198 1
07 Q 1338 1
07 Q 1877 1
07 Q 1960 1
07 Q 2150 1
07 Q 2228 1
07 Q 2256 1
07 Q 2280 1
07 Q 2320 1
07 Q 2342 1
07 Q 2376 1
07 Q 2482 1
07 Q 2578 1
07 Q 2597 1
07 Q 2618 1
07 Q 2685 1
07 Q 2700 1
07 Q 2777 1
07 Q 2865 1
07 Q 2866 1
07 Q 2895 1
07 Q 2912 1
07 Q 2941 1
07 Q 3043 1
07 Q 3082 1
07 Q 3128 1
07 Q 3141 1
07 Q 3148 1
08 Q 2625 1
08 Q 2849 1
08 Q 3032 1
09 Q 2372 1
09 Q 2632 1
09 Q 2870 1
09 Q 2876 1
09 Q 3068 1
09 Q 3111 1
09 Q 3128 1
09 Q 3158 1
09 Q 3177 1
10 Q 0046 1
10 Q 0141 1
10 Q 0392 1
10 Q 0950 1
10 Q 1158 1
10 Q 1198 1
10 Q 1262 1
10 Q 1380 1
10 Q 1471 1
10 Q 1601 1
10 Q 1613 1
10 Q 1747 1
10 Q 1795 1
10 Q 1811 1
10 Q 2060 1
10 Q 2150 1
10 Q 2256 1
10 Q 2289 1
10 Q 2342 1
10 Q 2376 1
10 Q 2433 1
10 Q 2618 1
10 Q 2664 1
10 Q 2685 1
10 Q 2700 1
10 Q 2714 1
10 Q 2777 1
10 Q 2785 1
10 Q 2851 1
10 Q 2895 1
10 Q 2896 1
10 Q 2912 1
10 Q 3039 1
10 Q 3075 1
10 Q 3156 1
11 Q 1043 1
11 Q 1188 1
11 Q 1306 1
11 Q 1358 1
11 Q 1396 1
11 Q 1491 1
11 Q 1923 1
11 Q 2246 1
11 Q 2316 1
11 Q 2527 1
11 Q 2699 1
11 Q 2710 1
11 Q 2715 1
11 Q 2716 1
11 Q 2906 1
11 Q 2923 1
11 Q 2956 1
11 Q 3073 1
11 Q 3150 1
12 Q 1523 1
12 Q 2080 1
12 Q 2246 1
12 Q 2629 1
12 Q 3127 1
13 Q 0115 1
13 Q 1223 1
13 Q 1231 1
13 Q 1551 1
13 Q 1625 1
13 Q 1795 1
13 Q 1807 1
13 Q 1947 1
13 Q 2495 1
13 Q 2579 1
13 Q 2897 1
14 Q 0074 1
14 Q 0117 1
14 Q 0232 1
14 Q 0776 1
14 Q 0827 1
14 Q 0850 1
14 Q 0851 1
14 Q 0852 1
14 Q 0854 1
14 Q 0855 1
14 Q 0856 1
14 Q 0857 1
14 Q 0858 1
14 Q 0860 1
14 Q 0861 1
14 Q 0862 1
14 Q 0864 1
14 Q 0865 1
14 Q 0866 1
14 Q 1175 1
14 Q 1724 1
14 Q 1919 1
14 Q 1956 1
14 Q 1969 1
14 Q 1980 1
14 Q 1997 1
14 Q 2017 1
14 Q 2041 1
14 Q 2108 1
14 Q 2118 1
14 Q 2146 1
14 Q 2176 1
14 Q 2191 1
14 Q 2272 1
14 Q 2337 1
14 Q 2348 1
14 Q 2397 1
14 Q 2563 1
14 Q 2664 1
14 Q 2679 1
14 Q 2714 1
14 Q 2716 1
14 Q 3075 1
14 Q 3187 1
15 Q 1231 1
15 Q 1551 1
15 Q 1613 1
15 Q 1947 1
15 Q 2263 1
15 Q 2495 1
15 Q 2598 1
15 Q 2685 1
15 Q 2701 1
15 Q 2880 1
16 Q 1746 1
16 Q 1749 1
16 Q 1828 1
16 Q 1854 1
16 Q 1960 1
16 Q 2070 1
16 Q 2114 1
16 Q 2342 1
16 Q 2376 1
16 Q 2378 1
16 Q 2500 1
16 Q 2632 1
16 Q 2817 1
16 Q 2912 1
16 Q 3073 1
16 Q 3105 1
16 Q 3148 1
17 Q 0115 1
17 Q 0405 1
17 Q 1134 1
17 Q 1223 1
17 Q 1231 1
17 Q 1535 1
17 Q 1551 1
17 Q 1613 1
17 Q 1807 1
17 Q 1934 1
17 Q 1947 1
17 Q 2290 1
17 Q 2495 1
17 Q 2579 1
17 Q 2586 1
17 Q 2923 1
18 Q 1158 1
18 Q 1215 1
18 Q 1262 1
18 Q 1471 1
18 Q 1613 1
18 Q 1811 1
18 Q 2060 1
18 Q 2175 1
18 Q 2413 1
18 Q 2433 1
18 Q 2685 1
19 Q 0141 1
19 Q 0863 1
19 Q 0950 1
19 Q 1601 1
19 Q 2266 1
19 Q 2664 1
19 Q 2714 1
19 Q 2973 1
19 Q 3075 1
19 Q 3156 1
19 Q 3175 1
20 Q 1563 1
20 Q 2695 1
20 Q 2986 1
21 Q 1429 1
21 Q 1847 1
21 Q 2189 1
21 Q 2490 1
21 Q 2603 1
21 Q 2701 1
21 Q 2702 1
21 Q 2703 1
21 Q 2932 1
21 Q 3018 1
21 Q 3139 1
22 Q 2369 1
22 Q 2384 1
22 Q 2441 1
22 Q 2473 1
22 Q 2564 1
22 Q 2637 1
22 Q 2638 1
22 Q 2678 1
22 Q 2692 1
22 Q 2751 1
22 Q 2760 1
22 Q 2761 1
22 Q 2827 1
22 Q 2828 1
22 Q 2829 1
22 Q 3116 1
22 Q 3149 1
23 Q 2578 1
23 Q 2849 1
23 Q 3137 1
23 Q 3148 1
24 Q 0268 1
24 Q 1696 1
24 Q 1892 1
24 Q 2069 1
24 Q 2123 1
24 Q 2297 1
24 Q 2373 1
24 Q 2667 1
24 Q 2862 1
24 Q 2970 1
24 Q 2996 1
24 Q 3078 1
24 Q 3098 1
25 Q 0268 1
25 Q 0757 1
25 Q 0963 1
25 Q 1408 1
25 Q 1518 1
25 Q 1526 1
25 Q 1533 1
25 Q 1572 1
25 Q 1653 1
25 Q 1698 1
25 Q 1719 1
25 Q 1805 1
25 Q 1892 1
25 Q 1901 1
25 Q 2085 1
25 Q 2095 1
25 Q 2218 1
25 Q 2277 1
25 Q 2318 1
25 Q 2319 1
25 Q 2358 1
25 Q 2373 1
25 Q 2434 1
25 Q 2452 1
25 Q 2535 1
25 Q 2582 1
25 Q 2667 1
25 Q 2668 1
25 Q 2669 1
25 Q 2681 1
25 Q 2741 1
25 Q 2765 1
25 Q 2798 1
25 Q 2818 1
25 Q 2831 1
25 Q 2859 1
25 Q 2862 1
25 Q 2863 1
25 Q 2881 1
25 Q 2918 1
25 Q 2928 1
25 Q 2984 1
25 Q 2988 1
25 Q 2996 1
25 Q 3006 1
25 Q 3048 1
25 Q 3059 1
25 Q 3067 1
25 Q 3088 1
25 Q 3089 1
25 Q 3119 1
26 Q 1071 1
26 Q 1198 1
26 Q 1338 1
26 Q 1749 1
26 Q 1828 1
26 Q 1854 1
26 Q 1960 1
26 Q 2080 1
26 Q 2150 1
26 Q 2256 1
26 Q 2320 1
26 Q 2342 1
26 Q 2376 1
26 Q 2379 1
26 Q 2541 1
26 Q 2597 1
26 Q 2618 1
26 Q 2632 1
26 Q 2700 1
26 Q 2740 1
26 Q 2777 1
26 Q 2851 1
26 Q 2866 1
26 Q 2912 1
26 Q 2938 1
26 Q 3039 1
26 Q 3043 1
26 Q 3048 1
26 Q 3082 1
26 Q 3128 1
27 Q 1641 1
27 Q 1642 1
27 Q 1750 1
27 Q 1752 1
27 Q 1879 1
27 Q 1884 1
27 Q 1901 1
27 Q 2095 1
27 Q 2297 1
27 Q 2435 1
27 Q 2481 1
27 Q 2498 1
27 Q 2560 1
27 Q 2596 1
27 Q 2669 1
27 Q 2734 1
27 Q 2747 1
27 Q 2768 1
27 Q 2798 1
27 Q 2818 1
27 Q 2859 1
27 Q 2864 1
27 Q 2902 1
27 Q 2918 1
27 Q 2955 1
27 Q 2983 1
27 Q 2988 1
27 Q 3000 1
27 Q 3052 1
28 Q 2578 1
28 Q 2849 1
28 Q 2890 1
28 Q 2949 1
28 Q 3032 1
29 Q 0377 1
29 Q 0513 1
29 Q 0610 1
29 Q 0935 1
29 Q 1094 1
29 Q 1420 1
29 Q 1537 1
29 Q 1538 1
29 Q 1539 1
29 Q 1840 1
29 Q 1841 1
29 Q 1967 1
29 Q 2028 1
29 Q 2089 1
29 Q 2120 1
29 Q 2462 1
29 Q 2927 1
29 Q 2932 1
29 Q 3037 1
30 Q 1926 1
30 Q 2486 1
30 Q 2786 1
30 Q 2917 1
31 Q 2125 1
31 Q 3047 1
32 Q 0366 1
32 Q 1145 1
32 Q 3139 1
33 Q 2805 1
36 Q 1265 1
36 Q 1350 1
36 Q 1683 1
36 Q 1768 1
36 Q 1787 1
36 Q 1825 1
36 Q 1836 1
36 Q 2015 1
36 Q 2084 1
36 Q 2110 1
36 Q 2179 1
36 Q 2340 1
36 Q 2423 1
36 Q 2702 1
36 Q 2708 1
36 Q 2733 1
36 Q 2824 1
36 Q 2836 1
36 Q 2986 1
36 Q 3094 1
37 Q 2265 1
37 Q 2377 1
37 Q 2558 1
37 Q 2625 1
37 Q 2632 1
37 Q 2651 1
37 Q 2738 1
37 Q 2840 1
37 Q 2939 1
37 Q 2941 1
37 Q 3144 1
37 Q 3148 1
38 Q 2265 1
38 Q 2558 1
38 Q 2625 1
38 Q 2632 1
38 Q 2651 1
38 Q 2868 1
38 Q 2939 1
38 Q 2940 1
38 Q 2941 1
38 Q 2956 1
38 Q 2957 1
38 Q 2958 1
38 Q 2960 1
38 Q 3031 1
38 Q 3103 1
38 Q 3150 1
39 Q 1693 1
39 Q 1861 1
39 Q 2126 1
39 Q 2265 1
39 Q 2317 1
39 Q 2558 1
39 Q 2625 1
39 Q 2632 1
39 Q 2651 1
39 Q 2939 1
39 Q 2941 1
39 Q 3031 1
40 Q 1614 1
40 Q 2126 1
40 Q 2148 1
40 Q 2265 1
40 Q 2651 1
40 Q 2939 1
40 Q 2940 1
40 Q 2941 1
40 Q 2956 1
40 Q 2958 1
42 Q 0963 1
42 Q 1069 1
42 Q 1518 1
42 Q 1572 1
42 Q 1653 1
42 Q 1805 1
42 Q 1827 1
42 Q 1884 1
42 Q 2022 1
42 Q 2085 1
42 Q 2151 1
42 Q 2247 1
42 Q 2318 1
42 Q 2344 1
42 Q 2522 1
42 Q 2542 1
42 Q 2749 1
42 Q 2951 1
42 Q 2984 1
42 Q 3048 1
42 Q 3072 1
43 Q 0122 1
43 Q 0266 1
43 Q 0297 1
43 Q 0462 1
43 Q 1113 1
43 Q 1325 1
43 Q 1528 1
43 Q 1554 1
43 Q 1686 1
43 Q 1697 1
43 Q 2004 1
43 Q 2195 1
43 Q 2201 1
43 Q 2211 1
43 Q 2382 1
43 Q 2400 1
43 Q 2421 1
43 Q 2514 1
43 Q 2523 1
43 Q 2655 1
43 Q 2687 1
43 Q 2751 1
43 Q 2754 1
43 Q 2771 1
43 Q 2788 1
43 Q 2811 1
43 Q 2826 1
43 Q 2827 1
43 Q 2828 1
43 Q 2829 1
43 Q 2841 1
43 Q 2883 1
43 Q 2910 1
43 Q 2913 1
43 Q 2924 1
43 Q 2994 1
43 Q 3047 1
43 Q 3062 1
43 Q 3116 1
43 Q 3149 1
43 Q 3172 1
44 Q 1804 1
44 Q 1891 1
44 Q 2004 1
44 Q 2382 1
44 Q 2514 1
44 Q 2523 1
44 Q 2547 1
44 Q 2687 1
44 Q 2751 1
44 Q 2771 1
44 Q 2827 1
44 Q 2829 1
44 Q 2910 1
44 Q 2913 1
44 Q 2924 1
44 Q 3013 1
44 Q 3047 1
45 Q 0268 1
45 Q 1831 1
45 Q 1935 1
45 Q 2140 1
45 Q 2257 1
45 Q 2359 1
45 Q 2360 1
45 Q 2452 1
45 Q 2493 1
45 Q 2669 1
45 Q 2680 1
45 Q 2716 1
45 Q 2765 1
45 Q 2816 1
45 Q 2878 1
45 Q 2882 1
45 Q 2900 1
45 Q 2964 1
45 Q 2965 1
45 Q 2969 1
45 Q 3002 1
45 Q 3058 1
45 Q 3129 1
45 Q 3137 1
45 Q 3152 1
45 Q 3168 1
48 Q 0149 1
48 Q 1353 1
48 Q 1666 1
48 Q 1729 1
48 Q 1797 1
48 Q 1863 1
48 Q 2073 1
48 Q 2223 1
48 Q 2226 1
48 Q 2285 1
48 Q 2325 1
48 Q 2589 1
49 Q 1152 1
49 Q 1515 1
49 Q 1681 1
49 Q 2127 1
49 Q 2390 1
49 Q 2561 1
49 Q 2795 1
49 Q 2832 1
57 Q 3077 1
58 Q 0432 1
58 Q 0536 1
58 Q 1293 1
58 Q 1344 1
58 Q 1398 1
58 Q 1411 1
58 Q 1420 1
58 Q 1445 1
58 Q 1619 1
58 Q 1629 1
58 Q 1631 1
58 Q 1691 1
58 Q 1709 1
58 Q 1812 1
58 Q 1944 1
58 Q 2098 1
58 Q 2115 1
58 Q 2122 1
58 Q 2123 1
58 Q 2249 1
58 Q 2349 1
58 Q 2395 1
58 Q 2634 1
58 Q 2636 1
58 Q 2719 1
58 Q 2731 1
58 Q 2825 1
58 Q 3159 1
58 Q 3166 1
58 Q 3167 1
59 Q 0440 1
59 Q 0944 1
59 Q 1112 1
59 Q 1170 1
59 Q 1235 1
59 Q 1314 1
59 Q 1324 1
59 Q 1456 1
59 Q 1457 1
59 Q 1700 1
59 Q 1785 1
59 Q 1786 1
59 Q 1855 1
59 Q 1860 1
59 Q 1885 1
59 Q 1973 1
59 Q 2018 1
59 Q 2032 1
59 Q 2033 1
59 Q 2092 1
59 Q 2107 1
59 Q 2111 1
59 Q 2127 1
59 Q 2203 1
59 Q 2251 1
59 Q 2274 1
59 Q 2359 1
59 Q 2412 1
59 Q 2524 1
59 Q 2530 1
59 Q 2532 1
59 Q 2537 1
59 Q 2543 1
59 Q 2552 1
59 Q 2559 1
59 Q 2631 1
59 Q 2673 1
59 Q 2905 1
59 Q 2974 1
59 Q 2991 1
59 Q 3053 1
59 Q 3083 1
59 Q 3126 1
60 Q 2023 1
60 Q 2046 1
60 Q 2198 1
60 Q 2377 1
60 Q 2406 1
60 Q 2452 1
60 Q 2493 1
60 Q 2516 1
60 Q 2526 1
60 Q 2593 1
60 Q 2710 1
60 Q 2715 1
60 Q 2716 1
60 Q 2717 1
60 Q 2718 1
60 Q 2765 1
60 Q 2816 1
60 Q 2817 1
60 Q 2882 1
60 Q 2957 1
60 Q 2959 1
60 Q 2960 1
60 Q 2964 1
60 Q 2976 1
60 Q 3087 1
60 Q 3137 1
60 Q 3147 1
61 Q 0239 1
61 Q 0440 1
61 Q 0634 1
61 Q 1032 1
61 Q 1236 1
61 Q 1457 1
61 Q 1514 1
61 Q 1675 1
61 Q 1830 1
61 Q 1927 1
61 Q 1976 1
61 Q 2160 1
61 Q 2307 1
61 Q 2363 1
61 Q 2451 1
61 Q 2452 1
61 Q 2524 1
61 Q 2575 1
61 Q 2631 1
61 Q 2641 1
61 Q 2711 1
61 Q 2765 1
61 Q 2965 1
61 Q 2966 1
61 Q 2976 1
61 Q 2990 1
61 Q 3001 1
61 Q 3012 1
61 Q 3134 1
61 Q 3168 1
61 Q 3169 1
62 Q 0950 1
62 Q 1601 1
62 Q 1811 1
62 Q 2289 1
62 Q 2664 1
62 Q 2714 1
62 Q 3075 1
62 Q 3156 1
63 Q 0950 1
63 Q 1601 1
63 Q 1795 1
63 Q 1811 1
63 Q 2266 1
63 Q 2289 1
63 Q 2557 1
63 Q 2664 1
63 Q 2714 1
63 Q 2973 1
63 Q 3075 1
63 Q 3156 1
64 Q 2651 1
